CATGTRSBDP
1	2	2
1
1.8
0	0
0	0
brpo/brpo.ali
4
0
Universal

0
0
0
None
0
10	0
0
((((Cryptococc:0.262624551499846,((Aeropyrum0:0.367948245961738,Pyrobaculu:0.315094844702809):0.5603889135539,(Encephalit:0.392966857622314,(Toxoplasma:0.309427202903031,((((Schizosacc:0.105275439461403,(((Mammalians:0.228567541220143,(Archaeoglo:0.854004246179222,((Thalassios:0.196612912629543,Phytophtho:0.13635398249089):0.0720380474818601,Cryptospor:0.221746715285384):0.0165109479626461):0.0101789664693756):0.03085912841414,(Theileria0:0.0796639356197288,Plasmodium:0.12023377182612):0.233155815574733):0.0886322466349826,Chytridiom:0.271026233774641):0.017164474732723):0.000268053072334149,((Candida_al:0.0734978629797469,Saccharomy:0.0887423207858349):0.0726072921463402,Ustilago_m:0.174429012606591):0.0571264428103753):0.0308900236961463,(((Monosiga_b:0.363686898089608,(Neurospora:0.158070166272979,Rhodophyta:0.339194624933449):0.027737206341229):0.00905176701362333,Oryza_sati:0.173543119921436):0.0166896570682573,Phaeodacty:0.402584008944939):0.00336081713355429):0.0191699803189386,(Methanococ:0.181786146256855,(Pyrococcus:0.0903150751922303,Glomus_int:0.370502277793261):0.0828955701722544):0.619395690851096):0.00259186142339193):0.00625871892426566):0.00593791042421116):0.0128912893357306):0.0385639590464212,(Sulfolobus:0.953888588134191,Tunicates0:0.168875991615025):0.058907649856762):0.0076934638219457,Drosophila:0.177410841928991):0.0547943792052694,Arabidopsi:0.169188994494118,Dictyostel:0.103718851267174);
((((Cryptococc:0.262624551499846,((Aeropyrum0:0.367948245961738,Pyrobaculu:0.315094844702809):0.5603889135539,(Encephalit:0.392966857622314,(Toxoplasma:0.309427202903031,((((Schizosacc:0.105275439461403,(((Mammalians:0.228567541220143,(Archaeoglo:0.854004246179222,((Thalassios:0.196612912629543,Phytophtho:0.13635398249089):0.0720380474818601,Cryptospor:0.221746715285384):0.0165109479626461):0.0101789664693756):0.03085912841414,(Theileria0:0.0796639356197288,Plasmodium:0.12023377182612):0.233155815574733):0.0886322466349826,Chytridiom:0.271026233774641):0.017164474732723):0.000268053072334149,((Candida_al:0.0734978629797469,Saccharomy:0.0887423207858349):0.0726072921463402,Ustilago_m:0.174429012606591):0.0571264428103753):0.0308900236961463,(((Monosiga_b:0.363686898089608,(Neurospora:0.158070166272979,Rhodophyta:0.339194624933449):0.027737206341229):0.00905176701362333,Oryza_sati:0.173543119921436):0.0166896570682573,Phaeodacty:0.402584008944939):0.00336081713355429):0.0191699803189386,(Methanococ:0.181786146256855,(Pyrococcus:0.0903150751922303,Glomus_int:0.370502277793261):0.0828955701722544):0.619395690851096):0.00259186142339193):0.00625871892426566):0.00593791042421116):0.0128912893357306):0.0385639590464212,(Sulfolobus:0.953888588134191,Tunicates0:0.168875991615025):0.058907649856762):0.0076934638219457,Drosophila:0.177410841928991):0.0547943792052694,Arabidopsi:0.169188994494118,Dictyostel:0.103718851267174);
1
5.50804
0.523228
599
8.35811
1.28436	0.437149	0.392016	0.704622	0.443307	0.690137	0.583282	1.04018	0.841005	0.794561	0.800915	0.58249	0.536371	0.602605	0.813465	0.787559	0.671952	1.46628	0.208357	0.40622	

1.66992	0.804852	0.0401849	1.86262	3.09392	0.53004	0.439104	0.0715075	0.742841	0.812947	0.481696	0.896063	0.963017	0.245732	2.05156	0.181758	0.696941	3.21092	0.291129	1.06956	0.24659	0.29157	0.448522	0.201796	0.26349	0.451986	1.22434	0.231333	0.369538	0.227282	2.61498	1.13017	0.114465	1.98515	1.99081	0.124682	0.348958	3.51335	1.2733	0.262208	0.736717	0.353025	0.515379	0.071306	0.0213492	2.45541	1.3731	0.395719	0.0553153	0.728964	0.370742	0.236274	5.32307	2.16671	0.344785	0.435403	0.395051	0.0717593	0.344266	0.812904	0.861769	0.242636	0.586517	1.88073	0.442448	0.44536	0.479138	0.409366	1.68815	0.87846	0.169787	2.60338	0.258227	0.0294896	1.77731	1.44877	0.173731	1.31428	1.32435	0.0770074	1.68032	1.45364	1.28906	3.27108	4.7322	1.21451	0.0819735	0.262783	0.466226	0.244765	1.3947	0.079707	0.12375	0.155315	2.72546	1.46352	0.0111561	0.0221466	0.288899	0.0612251	0.265691	0.256619	0.287789	0.479522	0.36066	2.11146	0.748636	0.289552	0.570103	0.0105554	0.354064	3.79803	0.383887	2.68018	1.76462	0.114344	0.673019	0.255838	0.00672909	0.214098	0.471029	2.76658	0.069152	0.103629	1.69363	0.708321	1.10415	0.825765	2.10053	5.81265	1.01292	0.395371	0.272494	0.119804	0.0877407	2.48567	0.377357	0.453488	0.754335	0.724706	1.21501	1.08162	0.897588	0.0962361	0.177184	0.416947	0.044785	2.68644	0.401383	0.327807	1.23266	0.256286	4.02218	0.0176735	0.880302	0.986459	0.877284	1.40197	2.91453	0.194117	1.58294	0.323897	0.408051	0.896665	1.16049	0.314928	0.0861401	0.0969183	0.638921	1.51894	0.924973	1.54392	0.408731	0.142845	0.848432	0.539465	1.7621	0.218006	0.37457	0.4435	2.55705	0.198562	0.44935	1.39204	0.737739	0.26506	1.53315	0.493142	0.0651854	3.53707	

0.0155624	0.0193862	1.56236e-05	0.072102	0.20015	0.00723638	0.0176106	0.192963	0.0741689	0.0855643	0.0362341	0.0126669	0.0110916	0.00829084	0.083228	0.010904	0.0204975	0.0373319	0.00911103	0.0858848	
0.233487	0.00840579	0.0110297	0.0557159	0.011319	0.0162467	0.00113149	0.0660744	0.0109051	0.0159919	0.00718852	0.0071235	0.00567978	0.00664516	0.0241745	0.114454	0.199437	0.203729	1.8187e-06	0.00125861	
0.0421918	0.00629325	0.0063374	0.00128503	0.0368444	0.00308615	0.0388704	0.14179	0.00374756	0.360685	0.0979034	0.00304016	0.00477218	0.00522129	0.00640879	0.0171534	0.0111702	0.128576	0.00769272	0.0769309	
0.04476	0.00489942	0.00637992	0.0328556	0.000439084	0.000409288	0.0347398	0.250952	0.168738	0.00774402	0.0201874	0.0177545	0.0558596	0.00791979	0.0247343	0.00188228	0.0640056	0.168192	0.00863471	0.0789124	
0.0036712	0.000857278	0.00307705	0.00464713	0.0214932	0.468794	0.0049723	0.00299722	0.0882503	0.0106003	0.0194748	0.0199392	0.0188174	0.0395448	0.20373	0.019027	0.000550201	0.0130059	0.0448008	0.0117498	
0.200106	0.0134156	0.00137903	0.00968332	0.00402305	0.118838	0.00311267	0.0326849	0.0134081	0.0167892	0.0289331	0.00165354	0.28518	0.00241318	0.0418904	0.0214291	0.00678139	0.184076	1.15942e-06	0.0142024	
0.0796919	0.00259551	0.12536	0.251851	0.00929244	0.0224698	0.00800455	0.0198194	0.0707223	0.00270456	0.0106295	0.0679366	0.00852256	0.0511974	0.0732469	0.0548745	0.042599	0.0917253	0.000615363	0.00614199	
0.00678766	0.00905716	0.186415	0.0160107	0.00324178	0.118175	0.0264052	0.0203651	0.0991883	0.000136308	0.00868595	0.152648	0.00193305	0.00577071	0.0627335	0.144106	0.0755149	0.0429002	1.78818e-07	0.0199258	
0.0075855	0.00049631	0.0228906	0.0557031	3.98335e-05	0.0441908	0.0433661	0.386503	0.0218696	0.094428	0.0785923	0.00913951	0.0202997	0.0116997	0.0155407	0.0119091	0.000877392	0.168035	3.96933e-07	0.00683299	
0.291561	0.0524226	0.00345227	0.0274714	0.00257195	0.0154673	0.00613962	0.0154342	0.0252393	0.0329786	0.180496	0.00603358	0.00178698	0.00767291	0.0440987	0.199851	0.0199595	0.0661581	0.00120175	3.47687e-06	
0.0302131	0.00429624	0.00293677	0.286986	0.000493384	0.0171814	0.13332	0.0696922	0.0652373	0.0455144	0.00400753	0.0406901	0.0494659	0.152538	0.00960665	0.0293576	0.0247441	0.0210378	0.000486404	0.0121942	
0.0165557	0.00271679	0.111027	0.0422624	0.000266041	0.0405881	0.0631978	0.149538	2.17436e-08	0.0100012	0.0198639	0.16741	1.123e-05	0.000480615	0.015925	0.258641	0.0679279	0.0323544	0.00116042	7.17618e-05	
0.227306	0.028006	0.00122872	0.0325943	0.00808357	0.00897161	0.00705133	0.105569	0.0985878	0.136644	0.0127938	0.00590331	0.0340504	0.00822055	0.140567	0.00141092	0.0076421	0.107067	0.028303	1.02823e-07	
0.0514885	0.0198316	0.000685022	0.0690668	0.00905095	0.00145613	0.00106816	0.0427026	0.180017	0.00991985	0.0320629	0.0142845	0.00185321	0.00156993	0.263454	0.0925784	0.0318791	0.0384516	0.000223938	0.138356	
0.110844	0.00472242	0.0421232	0.0243023	0.000518127	0.0358647	0.0117119	0.119466	0.00907251	0.0101356	0.0106617	0.0150546	0.000161887	0.38498	0.0261254	0.0278454	0.0840082	0.043026	0.00445563	0.034921	
0.0481243	0.00254847	0.00558255	0.119891	0.0116488	0.263025	0.0374096	0.0200501	0.0195434	0.0894349	0.128824	0.0101931	0.00209089	0.0919311	0.0172438	0.0421718	0.0381857	0.047634	0.00433093	0.00013616	
0.107702	0.0122408	0.000795831	0.0713067	0.0328256	0.0487199	0.0507517	0.10348	9.15384e-05	0.0623187	0.0478448	0.0165496	0.00500313	0.0949363	0.0286375	0.112813	0.0417961	0.0380311	0.00277413	0.121382	
0.0351182	0.00114047	0.0281588	0.114398	0.0549331	0.0569822	0.00650897	0.127121	0.121283	0.082293	0.0385483	0.0210394	0.00505323	0.0328645	6.27333e-05	0.0534329	0.0796855	0.110653	0.0287079	0.00201653	
0.0241581	0.00993059	0.00979877	0.0337346	0.0742463	0.0144271	0.0534557	0.0224175	0.0445808	0.0304606	0.0654803	0.0127368	3.96608e-05	0.0688216	0.0783636	0.061596	0.0671289	0.300325	0.000277814	0.0280204	
0.04404	0.0186879	0.000199389	0.0128455	0.0164756	0.0150494	0.0607121	0.0549165	0.0517905	0.0218826	0.0508204	0.0139863	0.200162	0.051886	0.0589116	0.0678335	0.23064	0.028379	6.85777e-07	0.000781069	
0.0431126	0.000808212	0.0339063	0.120523	0.0438378	0.109141	0.0116734	0.100148	0.0421031	0.0162551	0.166213	0.0503789	0.00145981	0.0171566	0.0673569	0.0906064	0.0192971	0.0621304	0.00388351	9.06894e-06	
0.0161147	0.050718	0.0140969	0.0103015	0.00491076	0.0202816	0.0481433	0.165859	0.0105282	0.0515605	0.065507	0.211612	0.0293784	0.0511656	0.066279	0.0422604	0.0261659	0.0842082	0.00311896	0.0277897	
0.0369537	0.0951174	0.00753019	0.0304554	0.00302639	0.034764	0.00964201	0.114403	0.0406826	0.0780018	0.0420098	0.0369895	0.0559761	0.0710702	0.204099	0.0196985	0.000356639	0.105575	0.000289247	0.0133593	
0.0398948	0.0187461	0.00168022	0.00254635	0.151562	0.0149673	0.0325191	0.019182	0.0555269	0.054136	0.036997	0.0184092	0.00721134	0.0473465	0.169521	0.0291334	0.0141386	0.0913025	0.0475726	0.147607	
0.140531	0.00192669	1.84447e-06	0.0106369	0.037217	0.0064635	0.0102802	0.164096	0.000286552	0.00891141	0.0153404	0.0761335	0.00191908	0.000361913	0.0353027	0.0705943	0.0243021	0.339473	0.00789027	0.0483321	
0.0777815	0.000773812	0.0671151	0.0113346	0.00162165	0.0774825	0.0554045	0.140459	0.0138568	0.00684647	0.0535918	0.007518	0.0319656	0.00773618	0.012793	0.0880408	0.00121499	0.318247	0.00602553	0.0201915	
0.050157	0.00432805	1.74669e-06	0.00593921	0.154852	0.0392999	0.0020999	0.0876162	0.0765747	0.161074	0.00868776	0.000510388	0.0979611	0.0347244	0.148534	0.0702781	0.0383787	0.00355455	0.000515745	0.0149128	
0.0428626	0.0163576	0.0769845	0.0011222	0.0191296	0.0832469	0.0777177	0.0261342	0.000567872	0.148809	0.0212389	0.0710076	0.000533004	0.0180559	0.275973	0.0264166	0.0129096	0.075037	0.00491716	0.000978513	
0.0740377	0.0218655	0.0102655	0.0404194	0.000235278	0.0102697	0.00512623	0.257042	0.00837364	0.00415643	0.0872282	0.10744	0.0118548	0.0887127	0.163149	0.00888423	0.0541275	0.0465522	0.000258933	1.65503e-06	
0.0529576	0.000247682	0.0645968	0.189027	0.0134903	0.0139964	0.141723	0.0428025	0.0108552	0.0150111	0.00576338	0.0819375	0.00680745	0.0242959	0.127248	0.02747	0.00494906	0.0677777	0.0420639	0.0669793	
0.0693496	0.00169016	0.0178449	0.0345467	0.0670773	0.0140813	0.00820863	0.0364751	0.0318281	0.171169	0.0145042	0.0230026	0.00123319	0.134152	0.0356827	0.0139052	0.117331	0.112182	0.000424477	0.0953114	
0.00799889	0.0207061	0.00464926	0.05127	0.0185265	0.018341	0.0142746	0.295089	0.0360912	0.13692	0.00533199	0.0224538	0.00819875	0.0268141	0.163411	0.00345746	0.0192202	0.0647466	6.43496e-07	0.0824982	
0.00318129	0.00133394	0.00840183	0.0550149	0.0272698	0.0785974	0.0180873	0.111423	0.00430978	0.0123047	0.00987564	0.0147555	0.219042	0.141449	0.0959762	0.0174756	0.00328858	0.148381	0.00231206	0.0275216	
0.0135299	0.236968	0.00468867	0.0294409	0.000122302	0.128661	0.00230403	0.0664321	0.0364682	0.0463975	0.0695299	0.00384092	0.0020266	0.00177373	0.0150344	0.0152999	0.102293	0.163063	0.000116137	0.062009	
0.0619149	0.0894227	0.0755648	0.0098954	0.0961133	0.0155233	0.0239066	0.0930815	0.042073	0.0018037	0.0265868	0.00571892	0.0272315	0.0400541	0.00950491	0.0136459	0.00293414	0.0599222	0.0869216	0.218181	
0.0652495	0.00022687	0.00053141	0.0669617	0.0202286	0.076651	0.0585156	0.110526	0.00837173	0.0307404	0.0329711	0.0289323	0.000638585	0.0706442	0.125304	0.169535	0.0549718	0.0379995	0.000411719	0.0405887	
0.0886186	0.00974446	0.000206771	0.0216921	0.00736121	0.0715068	0.022015	0.0571069	0.0571643	0.049767	0.0645785	0.00148566	0.000113714	0.00506633	0.0210981	0.151447	0.0553042	0.154218	0.00195249	0.159553	
0.0175805	0.0770603	0.0396943	0.00201948	0.0807849	0.00613005	0.040028	0.150892	0.000678176	0.107889	0.028134	0.0469974	0.0348389	0.000699	0.0884335	0.0953048	0.000491778	0.0615419	0.00489538	0.115907	
0.0175206	0.0471979	0.00175174	0.0282406	0.0266795	0.00545108	0.000324306	0.0264903	0.0673242	0.010405	0.117416	0.00112993	0.114207	0.00433495	0.157451	0.000975366	0.083668	0.216663	0.0241705	0.0485986	
0.118848	0.00703226	0.0288975	0.0880003	0.0398821	0.0264255	0.0262627	0.0029981	0.0391449	0.0526136	0.141117	0.164202	0.0102919	0.0124708	0.0381569	0.0582117	0.0687599	0.0740797	0.00153307	0.00107163	
0.0543271	0.036337	0.00871951	0.12894	0.00542274	0.00715839	0.02102	0.0419958	0.0116548	0.0689263	0.22725	0.0127108	0.00199612	0.000381582	0.0590513	0.00183776	0.00449998	0.0485178	0.0742327	0.185021	
0.0816811	0.000698103	0.0500612	0.0455683	0.00267914	0.0189283	0.00504071	0.131982	0.194828	0.00257396	0.0191352	0.0438813	0.00139365	0.00775936	0.0891372	0.019536	0.0815287	0.097793	0.102053	0.00374173	
0.0587058	0.0107311	4.02387e-06	0.00201156	0.000103316	0.0497811	0.169525	0.0732098	0.00958931	0.00229094	0.00371288	0.013921	0.00038736	0.0259391	0.203823	0.186144	0.0225766	0.167081	2.98502e-05	0.000432652	
0.033855	0.00494559	0.0131384	0.0322674	8.85226e-05	0.11154	0.0671503	0.0372583	0.0129511	0.017096	0.225407	2.35016e-06	0.118446	0.00212005	0.0273495	0.10125	0.0192223	0.171176	0.000211615	0.00452468	
0.00801701	0.0619134	2.25405e-05	0.0140373	0.0012981	0.000680099	0.00102825	0.125022	0.14214	0.01571	0.158233	0.0300824	0.0566256	0.0578751	0.044875	0.0403613	0.0367466	0.12533	0.0158554	0.0641466	
0.0446885	0.0305201	0.064424	0.0375267	0.0683249	0.000474201	0.0230687	0.0602739	0.0231759	0.0449316	0.101189	0.0335275	0.00861674	0.0947711	0.114344	0.0534251	0.108883	0.0195225	0.0164019	0.0519105	
0.145094	0.0977027	0.0673106	0.00503062	0.0473208	0.0781941	0.000700966	0.0151969	0.0109728	0.00736308	0.154438	0.00292493	0.013115	0.0322142	0.171628	0.0235317	0.00382389	0.113123	0.00982685	0.00048739	
0.0254298	0.0365334	0.0128848	0.0436204	0.0194897	0.305727	0.0105663	0.0284284	0.0456186	0.000551122	0.111647	0.00713489	0.13913	0.015413	0.0230522	0.0285443	0.0145373	0.100166	0.0302398	0.00128486	
0.112704	0.0044059	0.0406303	0.00624372	0.0589367	0.0680361	0.0169582	0.0270202	0.00155038	0.0714215	0.0561871	0.0491805	0.0167623	0.0658416	0.0229436	0.0575976	0.203146	0.0986179	7.22382e-09	0.0218162	
0.0960608	0.0415012	0.00368038	0.147438	0.00938266	0.107866	0.00996147	0.0773954	0.014074	0.099356	0.103878	0.00952111	0.0022783	0.0954181	0.132409	0.0118782	0.00119052	0.0349865	4.09626e-06	0.00172061	
0.0149829	0.0985194	0.0345205	0.0851789	0.0574506	0.0264497	0.0350601	0.0453875	0.0834795	0.00368901	0.00152514	0.0559614	0.137709	0.0649295	0.17923	0.0232798	0.0200567	0.0130288	0.00015957	0.0194019	
0.057971	0.00436324	0.0287881	0.00533728	0.0100166	0.089745	0.0218406	0.16377	0.112814	0.00162837	0.0228421	0.0550165	0.0202675	0.0519381	0.0457824	0.0879951	0.0429343	0.143387	0.00311608	0.0304469	
0.209738	0.0136843	0.0127988	0.0066103	0.00795908	0.038771	0.00260582	0.0308476	0.0620974	0.0711359	0.0270742	0.0214423	0.00778982	0.0958471	0.0404512	0.0672674	0.104695	0.177912	0.000869083	0.000403967	
0.179168	0.0403567	0.00871613	0.0175248	0.0156912	0.0798156	0.0112156	0.284334	0.0337818	0.0360925	0.00094246	0.0353566	0.0566661	0.00852586	0.0243515	0.0293675	0.000183828	0.134224	4.26387e-05	0.00364411	
0.0496111	0.0167739	6.27207e-06	0.141596	0.0326737	0.000801257	0.0358695	0.0538079	0.0808471	0.154319	0.121253	0.0546992	0.163701	0.00666862	0.00122863	0.00459714	0.0335065	0.0475741	3.83631e-05	0.000427767	
0.0464519	0.0453508	0.0419189	0.0310855	0.0641358	0.215071	0.0544013	0.00539409	0.0395853	0.00791466	0.0241962	0.0284658	0.00815054	0.066006	0.0428899	0.0333068	0.195958	0.0369083	1.37022e-06	0.0128086	
0.189827	0.0116959	0.036825	0.0151467	0.0211159	0.0366297	0.0430659	0.0920628	0.12241	9.08184e-05	0.0119956	0.0601583	0.0195902	0.00859574	0.0661152	0.103803	0.0668126	0.0599247	0.000153744	0.0339816	
0.00916887	0.0051973	0.0138986	0.0261141	0.00141387	0.002821	0.0392021	0.0378633	0.0643889	0.176241	0.0101738	0.0954544	0.031827	0.0200048	0.0138325	0.090823	0.221979	0.0579132	0.0224469	0.059237	
0.12967	0.0423499	0.00203499	0.0115537	0.000242204	0.00121322	0.0564189	0.0719488	0.0350772	0.0786193	0.0471185	0.0128791	0.0773259	0.0302324	0.100841	0.141915	0.0397254	0.105704	0.0151314	1.96042e-07	
0.0860034	0.0877996	0.0640425	0.0400504	0.159177	0.016857	0.0712941	0.174121	0.00703351	0.0422017	0.037379	0.0143537	0.0181788	0.0389014	0.000971965	0.0152702	0.0239803	0.0139629	5.87023e-07	0.0884207	
0.062739	0.118279	0.000166123	0.0195106	0.000333272	0.0647278	0.00320236	0.089765	0.0407721	0.0150526	0.158069	0.012403	0.0042006	0.0226256	0.069943	0.0997328	0.00377934	0.108875	0.0590139	0.0468096	
0.19843	0.00010655	0.00401474	0.111328	0.0143089	0.00505762	0.215083	0.0641174	0.0139532	0.0294927	0.0214054	0.0127776	0.129583	0.000279889	0.00226773	0.0703495	0.0748809	0.015323	3.00488e-11	0.0172413	
0.181145	0.00360746	0.0897209	0.00615336	0.00123132	0.0390909	2.79729e-05	0.0020087	0.102384	0.051444	0.0616352	0.0158595	0.0397026	0.0156173	0.0264822	0.0680551	0.146398	0.132275	0.00206527	0.0150978	
0.137279	0.00208732	0.0421598	0.226619	0.00276599	0.00664595	0.0443352	0.0422036	0.0328398	0.0353596	0.0191417	0.0495088	0.000540913	0.020352	0.0864052	0.196266	0.0010709	0.0414013	3.04638e-05	0.0129878	
0.0129217	0.00434713	0.0156476	0.0113296	0.0336586	0.0230641	0.0354827	0.0621432	0.0282599	0.104258	0.00336165	0.0405503	0.122047	0.0247649	0.0379708	0.012144	0.0796677	0.194894	0.0173212	0.136165	
0.0664683	0.0012847	0.0548822	0.102037	0.000216717	0.0211838	0.000492583	0.0335216	0.0671616	0.0286782	0.0677522	0.0488877	0.0275351	0.00196137	0.0739222	0.112076	0.145341	0.0978185	0.0114445	0.0373347	
0.285172	1.39895e-06	0.0204539	0.00913158	0.00304336	0.029973	0.0165435	0.178386	0.0899344	0.0246818	0.0365921	0.0168301	0.000287718	0.000238148	0.0233799	0.108014	0.0224765	0.018684	0.112565	0.00361167	
0.0917912	0.0262451	0.00619108	0.205915	0.0175813	0.0152771	0.0771163	0.156894	0.055899	0.0395941	0.00514869	0.1205	0.0990582	1.92876e-05	8.16068e-05	0.00668563	0.00943492	0.0554253	0.0056106	0.00553259	
0.179173	0.000114974	0.0458455	0.0206268	0.0132162	0.0656653	0.00128158	0.109696	0.0170763	0.0534428	0.166705	0.0128528	0.02738	0.0465096	0.015573	0.0515253	0.0851276	0.0853202	0.000578684	0.00229014	
0.0433934	0.114703	0.0155123	0.03979	0.0168592	0.0373391	0.0501656	0.0492048	0.10597	0.0352056	0.0246073	0.129429	0.050976	0.0103378	0.124581	0.0881012	0.00801356	0.00448028	0.0506943	0.000636385	
0.00543757	0.0470698	0.0249339	0.0497335	0.159106	0.00485842	0.00699652	0.0314362	0.174474	0.187463	0.036691	0.00582525	0.00206934	0.0262681	0.0573403	0.0461729	0.0706864	0.0631852	1.06089e-07	0.000252547	
0.0921116	0.0194234	0.0478793	0.150456	0.00294158	0.13854	0.00180366	0.114735	0.0663932	0.100348	0.022567	0.0374739	0.00192182	0.0620447	0.0118752	0.0402873	0.0338395	0.0509328	0.00442024	6.05637e-06	
0.0727682	0.000371821	0.00741183	0.0246952	0.0224242	0.0539461	0.0271817	0.0105904	0.106297	0.0766816	0.0439935	0.0372244	0.104859	0.123727	0.0244092	0.022836	0.000578795	0.222528	2.03467e-05	0.0174549	
0.426218	0.00286189	0.0403902	0.0142219	0.0044759	0.0423784	0.0680166	0.0657655	0.0295512	0.012313	0.03537	0.0309556	0.00419457	0.0512669	0.00277365	0.00648868	0.03482	0.119717	0.00801473	0.000206448	
0.0383134	0.00947536	0.057701	0.0941449	9.92227e-05	0.00683003	0.0304346	0.0516282	0.01807	0.0656571	0.0885452	0.0268775	0.0625618	0.0583036	0.300455	0.020778	0.0153344	0.0517775	0.00156512	0.00144755	
0.271958	3.14775e-06	0.000306684	0.0060829	0.000477431	0.0877296	0.0516449	0.147893	0.178556	0.0773411	0.0140673	0.011553	0.0213162	0.00620069	0.0124698	0.00652436	0.000860377	0.0992014	0.000366365	0.00544807	
0.0328496	0.00231321	0.00150636	0.0883889	0.00935719	0.0132765	0.0669917	0.0399602	5.70985e-06	0.184141	0.158221	0.0510789	0.00640998	0.00612518	0.00673179	0.0212819	0.0493386	0.152126	3.39086e-14	0.109897	
0.0807886	0.00467901	4.73411e-06	0.00205707	0.00052578	0.221049	0.0197451	0.109365	0.042508	0.00914212	0.0826193	0.0158407	0.0712298	0.039855	0.0358371	0.0618642	0.0160951	0.0394917	0.0192002	0.128103	
0.102993	0.00732183	0.0324416	0.0191354	0.0600934	0.0345524	0.066715	0.0151202	0.0117482	0.0386365	0.148639	0.0447859	0.0227418	0.0335924	0.040491	0.00698275	0.0163137	0.278381	0.000802607	0.0185115	
0.192624	0.00414398	3.1956e-06	0.047385	0.0723419	0.017285	0.000110849	0.0724358	0.0186881	0.00759637	0.17325	0.08062	0.0549225	0.0479148	0.0218307	0.0330738	0.000257115	0.140165	0.00066422	0.0146872	
0.0655142	0.0453205	0.0432812	0.0194208	0.000451879	0.0355626	0.0332484	0.136349	0.0750269	0.00842421	0.0205054	0.000779541	0.0886673	0.024006	0.0249207	0.137614	0.127916	0.112746	1.48774e-07	0.000244324	
0.0917304	0.0951406	0.0210384	0.178284	0.0217532	0.0698762	0.0120522	0.00028206	0.0572625	0.0418623	0.191268	0.0266321	0.0230196	0.00357071	0.0469835	0.0108299	0.0382881	0.0305825	0.00898078	0.0305625	
0.362037	0.00204399	0.00344356	0.000944084	0.00107264	0.00199127	0.0365981	0.0217821	0.0139788	0.157906	0.0441973	0.00102105	0.00164869	0.114653	0.00935988	0.0312947	0.0362015	0.0901032	0.0305406	0.0391832	
0.132373	0.00855737	0.00405589	0.0453468	0.013373	0.0023091	0.0001126	0.241373	0.0429591	0.126182	0.0810973	0.00768851	0.0353895	0.00515716	0.00684884	0.0405563	0.0188915	0.0761619	0.00330272	0.108265	
0.0244421	7.42968e-05	0.136884	0.00071391	0.0133525	0.0670923	0.14035	0.164329	0.0132943	0.225693	0.00100545	0.0453227	3.74954e-05	0.0458569	0.0682583	0.00135932	0.0119832	0.0141478	0.00354361	0.0222601	
0.338911	0.151642	0.0346193	0.00245739	0.0613382	0.019756	0.045154	0.0876019	0.05136	0.0664908	0.0265213	0.0257193	0.00444561	0.000350521	0.0179147	0.00772388	0.0318028	0.025661	0.00039964	0.000130662	
0.0323306	0.0608176	0.0223994	0.0947753	0.0577658	0.00764781	0.0151069	0.0103744	0.0181585	0.0246243	0.130751	0.088025	0.0214241	0.0401204	0.0929478	0.0463711	0.0017075	0.220599	0.0140285	2.48488e-05	
0.201303	0.00981214	0.0467237	0.0189143	0.000196124	0.00940191	0.0305126	0.0223995	0.00136892	0.0494723	0.0108594	0.0214941	0.0009235	0.0444587	0.00144411	0.0562181	0.00871223	0.301073	0.0941176	0.070595	
0.0770291	0.00443024	0.0105186	0.108871	1.07999e-05	0.00179148	2.63873e-05	0.126853	0.00350944	0.00397404	0.00115233	0.0300917	0.371118	0.0479722	0.00660527	0.0194996	0.0140608	0.136726	2.30455e-07	0.0357598	
0.0350701	0.120735	0.141198	0.00696914	0.101536	0.00296205	0.0595372	0.0635515	0.0320396	0.0391399	0.0168242	0.00633636	0.0122357	0.181657	0.00560124	0.0281328	0.0747055	0.0287881	0.000946126	0.0420345	
0.0631707	0.0187185	0.021988	0.0893871	0.00584081	0.104288	0.00953538	0.0955443	0.102312	0.015051	0.0964751	0.0637526	0.00675015	0.0200399	0.160622	0.0173938	0.00146359	0.0766957	0.0270563	0.00391587	
0.397253	0.000296338	4.19266e-05	0.0718279	0.00406218	0.0995032	0.0187142	0.0743507	0.00465311	0.0294054	0.0547414	0.133977	0.0164542	0.000473199	0.0288412	0.00277656	0.0289235	0.0224598	0.0104455	0.000799914	
0.0829143	0.0211894	0.000920178	0.202298	0.00360501	0.0770933	0.0399987	0.0356858	0.03576	0.0554658	0.0022711	0.156264	0.0065472	0.0133825	0.124381	0.0219472	0.00909079	0.0713895	0.0251633	0.0146325	
0.00464675	0.106715	0.0104717	0.0798208	0.0135078	2.35904e-05	0.0125398	0.00761474	0.0860519	0.0217114	0.165759	0.0270374	0.00759618	0.083628	0.00393651	0.0237184	0.239161	0.0486283	0.0400109	0.0174209	
0.0629983	0.00852912	0.000608764	0.0181999	0.0328102	0.0879721	0.131765	0.0634377	0.132682	0.0604734	0.00228903	0.0218956	0.00353029	0.0576726	0.102408	0.00347669	0.00552521	0.152434	0.0510477	0.00024503	
0.181765	0.0726029	0.00658386	0.167988	0.00164978	0.0465051	0.0662903	0.174017	0.00985566	0.00393582	0.00758176	0.0143365	0.00321218	0.00304498	0.00122625	0.142408	0.00540439	0.0892441	0.0020657	0.000282415	
0.0456054	0.0123395	0.00515942	0.109437	0.0104985	0.022072	0.0248609	0.00099864	0.0508048	0.00255318	0.0351753	0.00515761	0.0733379	0.00747141	0.259241	0.132302	0.0317673	0.0547487	0.0104997	0.105969	
0.0317969	0.0938179	8.27024e-06	0.0317934	0.0591065	0.0366651	0.00350429	0.100277	0.0266869	0.00135335	0.0631767	0.00885839	0.0373122	0.172779	0.0602081	0.106422	0.00091453	0.163067	0.00206507	0.000187155	
0.24177	0.00359079	0.061327	0.00699902	0.0383591	0.0507916	0.0233042	0.0393304	0.0246041	0.00919995	0.0464629	0.011418	0.014023	0.0266423	0.144666	0.0309367	0.135847	0.0844735	1.70106e-05	0.00623803	
0.0226724	8.02914e-07	0.0809107	0.0852108	0.0413769	0.0333336	0.00627912	0.00937081	0.0575984	0.00846194	0.179539	0.0303913	0.00116119	0.0413936	0.0626568	0.0257936	0.0707263	0.216179	0.00866624	0.0182782	
0.0396737	0.0143616	0.0381791	0.189256	0.0403393	0.0870493	0.00102832	0.0777097	0.0341329	0.0257001	0.0318057	0.0432196	0.0213895	0.0518753	0.00413037	0.00645959	0.0193503	0.171288	0.103001	5.05551e-05	
0.118258	0.0334458	0.0151657	0.0352537	0.000398811	0.0208613	0.000358298	0.241161	0.0604288	0.0271743	0.0575253	0.0535419	0.0117437	0.0181575	0.0134381	0.046897	0.0592499	0.10671	0.000171593	0.0800592	
0.0977919	9.17094e-06	0.254668	0.0188441	0.00952273	0.00202803	0.0263529	0.0248915	0.175657	0.000297528	0.097345	0.00137721	0.0488406	0.0315723	0.0339489	0.00666882	0.00904023	0.160849	6.40565e-07	0.000294224	
0.328115	0.000178604	0.00162531	0.0693155	0.00175903	0.0233937	0.0633572	0.0441794	0.0153592	0.141223	0.0610663	0.00116569	0.00329472	0.00914021	0.0407553	0.00122819	0.0353981	0.0984257	0.0610201	2.33926e-08	
0.127245	0.0380688	0.126982	0.0415652	0.00101559	0.0010841	0.114707	0.0860233	0.0187873	0.0205087	0.00756319	0.0127107	0.0157874	0.00521969	0.049317	0.0581805	0.00928839	0.119633	0.0649742	0.0813389	
0.0239039	0.0294375	0.0586804	0.0157702	0.116294	0.00235711	0.0042291	0.0661645	0.0908668	0.0752586	0.0986659	0.0723502	0.0210273	0.0892356	0.00399554	0.0262473	0.134536	0.0501365	0.000241129	0.0206026	
0.0869365	0.00460543	0.000232581	0.0719427	0.0699516	0.0369852	0.0602642	0.0032746	0.00539635	0.0935177	0.0871144	0.209746	0.00550178	0.0234283	0.0394741	0.0334392	0.0465804	0.0932122	0.0168527	0.0115437	
0.00299666	0.00104687	0.0418742	0.00664425	0.00329603	0.0277284	0.00104287	0.238543	0.113557	0.0737278	0.106891	0.00855332	0.00462887	0.000144127	0.0356275	0.127948	0.0665784	0.139101	5.76908e-05	1.30905e-05	
0.0251616	0.0437655	0.144902	0.00331236	0.0157732	0.0409167	0.0133635	0.0452585	0.118956	0.0255882	0.00495255	0.172384	0.0123894	0.0992488	0.0422289	0.0132946	0.0365873	0.0839294	0.0203254	0.0376618	
0.0242876	0.0200497	0.0564399	0.0353703	0.00891853	0.0264409	0.000872778	0.154711	0.0677987	0.22603	0.0376758	0.00216114	0.00477999	0.0202727	0.038259	0.0241261	0.0122705	0.0409369	0.0307188	0.16788	
0.016736	0.108913	8.80299e-06	0.0273228	0.000571027	0.0228365	0.022116	0.0301878	0.028881	0.00431866	0.0536241	0.115312	0.00034151	0.0193521	0.00458724	0.0351896	0.200051	0.129226	0.00289529	0.17753	
0.0648424	0.06791	0.0400546	0.0126433	0.0041082	0.0059335	0.0447595	0.14939	0.0259987	0.0395002	0.0935853	0.106583	0.0099816	0.0431131	0.079494	0.00420741	0.198474	0.00933938	5.64898e-05	2.57492e-05	
0.110626	0.0068643	0.0987261	0.123804	0.00333663	0.175664	0.000229941	0.146541	0.0555499	0.0721207	0.0191316	0.000396399	0.00269244	0.00543638	0.0634755	0.00698002	0.0384563	0.0467654	0.0185136	0.00468988	
0.0855755	0.0651761	0.00215607	0.0603306	0.00216996	0.0139381	0.0603464	0.110395	0.079194	0.0154345	0.00200227	0.0937313	0.0706007	0.0872535	0.0643513	0.0215348	0.0760284	0.069457	0.00163651	0.0186875	
0.166052	0.119349	0.0182795	0.0135407	0.0263345	0.0864028	0.002876	0.136182	0.00411391	0.00302172	0.0301638	0.0409664	0.00389971	0.0051339	0.00218516	0.0206483	1.27368e-05	0.272619	0.0177994	0.0304199	
0.0602824	0.048082	0.0236966	0.00189227	0.000339451	0.0775935	0.0166128	0.110692	0.12735	0.00440748	0.177763	0.00663453	0.000835269	0.00765901	0.0727552	0.131324	0.0995205	0.0294061	2.59016e-09	0.0031535	
0.067185	0.12461	0.0650626	0.0203951	8.23562e-05	0.0184672	0.0949825	0.0496096	0.07364	0.079149	0.0113726	0.0109467	0.00315553	0.0132164	0.154559	0.0718679	0.0122475	0.127056	1.43961e-06	0.00239315	
0.129047	0.0039529	0.0151998	0.0974687	0.00582194	0.0244682	0.00142657	0.10129	0.0185197	0.0642247	0.0495729	0.0637698	0.0540564	0.0113826	6.85259e-05	0.0542	0.00604016	0.291779	1.1764e-06	0.00771026	
0.0181214	0.00229981	8.83048e-07	0.0871192	0.00554778	0.0258676	0.0521931	0.0180504	0.0980343	0.0653319	0.058959	0.136507	0.0667365	0.166207	0.00348408	0.0789878	0.0411547	0.0717622	0.00350757	0.00012776	
0.111253	0.00810825	0.0196046	0.0407134	0.00102619	0.236079	0.00941408	0.0123845	0.0223691	0.110934	0.00890719	0.003892	0.00536965	0.0810746	0.0497316	0.0245333	0.0534266	0.183147	0.00266965	0.0153623	
0.108994	4.53315e-07	0.00903554	0.00833025	0.0012194	0.0221994	0.0148787	0.0522985	0.00411627	0.139351	0.00494193	0.00136601	0.00109381	0.012001	0.0285929	0.0698145	0.0885546	0.433005	0.0002041	2.43683e-06	
0.00671283	6.21844e-05	0.0158194	0.189828	0.00527047	0.0195838	0.00369262	0.10003	0.155053	0.0880032	0.0241846	0.0128138	0.0154739	0.0589943	0.0834049	0.0261567	0.0199566	0.10029	0.000744453	0.0739259	
0.000836852	3.3106e-05	0.0142135	0.00869194	0.0290652	0.107308	0.0798541	0.128245	0.182312	0.0556172	0.0867927	0.0950674	0.000611117	0.00814525	0.00422419	0.0664739	0.0235427	0.0889764	0.00688881	0.0131005	
0.02376	0.0848149	0.0161652	0.00489931	0.0633595	0.0282486	0.0175899	0.12998	0.0464434	0.129955	0.00706513	0.0351634	0.000471527	0.124976	0.0119174	0.185523	0.0522074	0.0154031	0.0103489	0.0117078	
0.174433	0.07032	0.000638036	0.00311867	0.0351697	0.0970837	0.0665136	0.131358	0.00280213	0.0184055	0.010133	0.0161646	0.101171	0.0241519	0.0370805	0.0742369	0.00403262	0.0432886	0.0135722	0.0763263	
0.217072	0.088367	0.0536885	0.0142257	0.000111591	0.0481126	0.00509379	0.0938059	0.106749	0.00936308	0.00640395	0.00274295	0.104754	0.0139615	0.00201599	0.013521	0.0319595	0.187042	1.58229e-08	0.0010085	
0.045429	0.0135674	0.00622674	0.0485146	0.0263312	0.00206653	0.0767595	0.0345926	0.0329866	0.0971618	0.0206825	0.010922	0.00193441	0.18093	0.175253	0.0130248	0.118951	0.0944722	2.61259e-08	0.000194126	
0.115374	0.00714755	0.00107514	0.0242703	0.124447	0.0500446	0.0567512	0.162333	0.0354945	0.0249495	0.0473929	0.00129878	0.00775163	0.0183473	0.0124831	0.0764885	0.0469684	0.155784	0.00252996	0.0290684	
0.0766355	0.0149014	0.0250533	0.12073	0.0284426	0.0179199	0.018961	0.0995093	0.178497	0.123451	0.035887	0.0367874	0.0991987	0.0471962	0.0010501	0.00534304	0.0376757	0.0327589	1.98769e-06	1.79586e-07	
0.180067	0.0132083	0.0256903	0.101663	0.000979893	0.0853558	0.0200495	0.139886	0.0423135	0.138571	0.00875258	0.00178957	0.0441193	0.00332411	0.0937495	0.00864235	0.0123845	0.0786345	0.000781878	3.77393e-05	
0.00634369	0.00349788	0.0397607	0.112081	0.0141846	0.0147212	0.0076603	0.0483572	0.0944096	0.0204558	0.0423702	0.028814	0.00208018	0.0269977	0.00165913	0.0967469	0.268548	0.00960722	0.0227231	0.138981	
0.15062	0.026595	3.85227e-06	0.00785655	0.00962361	0.0473376	0.0111701	0.0344933	0.202777	0.00110104	0.0869778	0.0646151	0.00987904	0.145999	0.0247464	0.00943823	0.0401463	0.121774	0.000157358	0.00468902	
0.0253969	0.0147921	0.0301017	0.00497062	0.0628258	0.075175	0.0094771	0.0194167	0.024002	0.0218502	0.122511	0.0109858	0.000520425	0.0375742	0.108928	0.0440371	0.0612983	0.138696	4.89747e-05	0.187392	
0.111865	0.0126047	0.0142497	0.06378	0.0331158	0.0270261	0.0267138	0.0461843	0.0488381	0.0687723	0.0947902	0.00181452	0.0898397	0.0544529	0.0114836	0.0803015	0.124302	0.0795533	0.00960844	0.000703083	
0.160908	0.0373118	0.104993	0.0197281	0.0124478	0.00353373	0.0104129	0.114123	0.0514084	0.0484841	0.0562839	0.00725152	0.0165233	0.0713099	0.0211854	0.0508539	0.000588008	0.211674	0.00011422	0.000864471	
0.044639	0.000601518	9.12171e-06	0.136188	0.0277157	0.169136	0.0173219	0.108162	0.0954577	0.0178947	0.20135	0.0121228	0.0326453	0.00233492	0.0514938	0.00031492	0.00193265	0.0389732	0.0385977	0.00310952	
0.130558	0.00297761	0.00369856	0.0182014	0.00529972	0.0762023	0.0468833	0.0372464	0.093888	0.0131981	0.0606012	0.0437392	0.000404341	0.000785469	0.0642686	0.0311681	0.204582	0.0867712	3.88216e-05	0.0794877	
0.138182	0.0570954	0.00186387	0.0148788	0.0168727	0.017937	0.033475	0.00621403	0.00607376	0.0412071	0.0185066	0.099158	0.00583271	0.00805518	0.149595	0.115086	0.0416587	0.062459	0.000695884	0.165154	
0.152359	0.0315627	0.177725	0.00714884	0.00108455	0.0128746	0.027207	0.123991	0.0276926	0.124417	0.0061893	0.00692862	0.0454339	0.0409123	0.0123685	0.00272415	0.0076177	0.0830413	4.50326e-05	0.108677	
0.110619	0.018312	0.0764565	0.0128316	0.0259561	0.0169819	0.0617141	0.157746	0.0143798	0.0214737	0.121686	0.0029445	0.00101753	0.00170095	0.118851	0.157397	0.016915	0.00987701	0.00237662	0.0507646	
0.295283	0.0891086	0.000391165	0.00390239	0.0055556	0.054563	0.00789746	0.0480539	0.0157817	0.0245619	0.177115	0.00470126	0.000582605	0.000853641	0.0380293	0.000416457	0.000108323	0.084208	0.080756	0.0681306	
0.123036	0.000712434	0.396158	0.0122339	0.0724692	0.00355927	0.00575663	0.0899569	0.00444499	0.000523046	0.0342887	0.107454	0.00359267	0.00613971	0.0178903	0.013169	0.0159921	0.00610483	3.87534e-05	0.0864795	
0.00367826	0.0139247	0.00204921	0.00971873	0.00864365	0.0244326	0.012894	0.0945883	0.197157	0.0322947	0.0562855	6.83405e-05	0.0313748	0.0238219	0.118211	0.0351525	0.0190212	0.236072	0.000117582	0.0804933	
0.277661	0.00535517	0.0176606	0.0201164	0.000612703	0.0872202	0.0021322	0.117004	0.00327942	0.00794264	0.0738937	0.0117614	0.0803016	0.0788495	0.0562213	0.0290807	0.0273135	0.0473367	0.0102976	0.0459597	
0.0639956	0.00037442	0.0496233	0.00175538	0.00946493	0.0255302	0.133944	0.0170934	0.00551334	0.0514274	0.0398541	0.0692503	0.0645071	0.00398614	0.149571	0.104135	0.0424664	0.0885409	0.00115241	0.0778144	
0.0110056	0.0165098	0.0663291	0.356251	0.00189267	0.00812846	0.00288421	0.00399188	0.0463347	0.0227246	0.161791	0.000328937	0.00289378	0.0117356	0.112232	0.0512077	0.0137086	0.0239573	0.0358445	0.0502487	
0.226117	0.0227813	0.00662518	0.0332171	0.123927	0.0184434	0.0700382	0.00714214	0.0674201	0.0121601	0.010577	0.0300139	0.00763728	0.00730124	0.0451429	0.0331921	0.0239035	0.24665	1.60405e-05	0.00769489	
0.0303127	0.0075671	2.82909e-05	0.0329744	0.00157392	0.0467351	0.0268046	0.0195355	0.0581498	0.0722424	0.221326	0.101362	0.0111365	0.00107177	0.0266365	0.0561057	0.0134127	0.222242	0.0027183	0.0480648	
0.0141256	0.00761276	0.00349569	0.00680531	0.0109936	0.0133452	0.0559494	0.0247453	0.0321989	0.0384623	0.0483581	0.0253343	0.080214	0.129176	0.0106364	0.0617188	0.16684	0.214278	0.00192404	0.0537861	
0.0480913	0.00228634	0.00156974	0.0832078	0.0335404	0.143718	0.00149652	0.0307375	0.0436549	0.0286807	0.0773672	0.046818	0.058593	0.0158378	0.111174	0.124074	0.000547757	0.0845811	0.0582506	0.00577265	
0.0836428	0.0425879	0.00791297	0.0246891	0.00971586	0.0562344	0.0488717	0.082653	0.114314	0.0865384	0.00619185	0.099141	0.0064537	0.00381161	0.000843136	0.00575596	0.264481	0.0105656	0.00597924	0.0396169	
0.243555	0.0325973	0.00188135	0.0145208	0.0405356	0.0136006	0.0572097	0.00990043	0.0175002	0.0254639	0.283566	0.033064	0.0921338	0.0146535	0.0158807	0.00148015	0.000685868	0.065506	0.00214009	0.0341243	
0.0340229	0.0225882	0.108355	0.0269011	1.30897e-05	0.0216177	0.0126528	0.0601429	0.0302994	0.014984	0.0809129	0.00530735	0.014948	0.0269025	0.0253469	0.356492	0.000323899	0.154241	0.000866333	0.0030824	
0.0580584	0.0414424	0.0407085	0.239511	0.00855769	0.000936133	0.0199841	0.0609681	0.00201702	0.00328782	0.0888601	0.0579171	0.0327176	0.0310915	0.0584865	0.0431637	0.0702017	0.113123	5.39271e-06	0.0289621	
0.180526	0.122691	0.0269151	0.00635863	0.168916	0.0195029	0.00121704	0.0625025	0.0149821	0.0571076	0.00700239	0.0163293	0.00823637	0.000519017	0.109495	0.0286095	0.100315	0.0647854	0.00149157	0.00249743	
0.0494482	0.00408657	0.0213762	0.0253621	8.79772e-05	0.0261829	0.111848	0.0335746	0.0265311	0.0674608	0.0227072	0.00392996	0.00574569	0.0140505	0.0810257	0.120836	0.0379138	0.314082	0.00429785	0.0294534	
0.141347	0.00670937	0.113936	0.0781066	0.00048237	0.0275242	0.171232	0.0538042	0.00602476	0.0436598	0.0490538	0.0221743	0.0393062	0.00172836	0.0610004	0.0287335	0.0103462	0.0332117	0.0778305	0.0337891	
0.0342347	0.000105905	4.56648e-05	0.0942511	0.000225136	0.0234278	0.0697516	0.056707	0.0143178	0.056683	0.289029	0.0618863	0.0259688	0.0165026	0.0133324	0.0552363	0.0776377	0.0981958	0.0105035	0.00195778	
0.0801826	0.0445366	0.00571937	0.0573738	0.0589273	0.0306905	0.0744634	0.0961259	0.043835	0.0143049	0.0420746	0.0800753	0.00169266	0.00630655	0.0186128	0.18756	0.0477072	0.10818	0.00156852	6.28536e-05	
0.111761	0.0448396	0.000732479	0.0051413	0.00450613	0.065964	0.0563542	0.0159349	0.0219665	0.0242802	0.067116	0.0335032	0.00997777	0.0430111	0.0245775	0.145198	0.245771	0.0348353	0.0396488	0.00488051	
0.176288	0.0362876	7.3357e-05	0.0266619	0.0466089	0.0797288	0.00969505	0.104713	0.00400651	2.14958e-05	0.0720066	0.00274912	0.0145909	0.0131964	0.0875659	0.0190605	0.0776854	0.16961	5.97893e-10	0.0594505	
0.130676	0.00222372	0.0626689	0.0855819	0.00417749	0.0413242	0.0572871	0.0154299	0.0201512	0.0496752	0.11321	0.024956	0.0979819	0.0156721	0.151818	0.0287099	0.0261515	0.0124833	0.0468042	0.0130167	
0.0366254	0.101968	4.78577e-06	0.0625251	1.57988e-06	0.048148	0.110223	0.045669	0.0615402	0.0429815	0.078337	0.018089	0.0694958	0.015556	0.0951925	0.00661305	0.14622	0.0604576	0.000140157	0.00021166	
0.00182518	0.000534713	2.04944e-08	0.131106	0.0117873	0.0021867	0.00776777	0.0605161	0.167385	0.104675	0.000349213	0.0062124	0.00925431	0.0847922	0.0371023	0.0548172	0.00239689	0.128697	0.00200898	0.186585	
0.200222	0.0286062	0.000232093	0.033204	0.0887094	0.0755675	0.00970872	0.0502257	0.203174	0.0123317	0.0315454	6.19544e-06	0.0231877	0.00648221	0.0015264	0.00276271	0.0954269	0.0871692	0.0308903	0.0190212	
0.192026	0.000609204	0.00127437	0.0134903	0.0084413	0.000275895	0.0101025	0.0809572	0.00204354	0.0218768	0.00923432	0.00373132	0.00174477	0.0946949	0.18127	0.266403	0.010498	0.0974936	1.74017e-05	0.00381624	
0.0402188	0.0458937	0.0272694	0.116605	0.00350713	0.000822545	0.00583475	0.0691414	0.0158375	0.234661	0.00437301	0.0487834	0.0387584	0.0148353	0.0376918	0.00538373	0.224754	0.0628011	8.10204e-05	0.00274756	
0.0793403	0.00208143	0.0327123	0.0435224	0.00795336	0.118788	0.00167319	0.00431655	0.023275	0.00266926	0.0264095	0.0184411	0.0959514	0.138276	0.121427	0.0395777	0.222384	0.00219332	0.0100234	0.00898402	
0.0351467	0.00487316	0.00210314	0.160229	0.0212798	0.069044	0.0164326	0.186222	0.00400009	0.102281	0.00273574	0.0434875	0.0528767	0.0508206	0.0658858	0.0219298	0.0145994	0.0661846	0.0127344	0.0671343	
0.0153756	0.0060964	0.00744088	0.0100164	0.0137964	0.000133598	0.0385691	0.0276842	0.0124982	0.0854329	0.196574	0.0861558	0.332716	0.0240668	0.0118497	0.0427648	0.00665397	0.0816346	7.16705e-06	0.000534044	
0.280185	0.00454173	0.00936397	0.0142438	0.0167218	0.0438253	0.0201871	0.0133931	0.0434886	0.0986369	0.000683793	0.00075589	0.01543	0.00440906	0.0490186	0.147088	0.0788952	0.120067	0.0326585	0.0064068	
0.239985	0.061878	0.0001119	0.00308671	0.000634591	0.0296217	0.00233724	0.0627225	0.0155698	0.0427267	0.0221266	0.058899	0.00406653	0.06457	0.00316974	0.0142778	0.00026232	0.152057	0.00576444	0.216132	
0.0659101	0.0138861	0.031347	0.00225031	0.00652281	0.0477514	0.0609872	0.0526689	0.0285968	0.324054	0.00612062	0.0849607	0.0157523	0.00735895	0.00349902	0.0512809	0.0148292	0.143562	0.02806	0.010602	
