(Ignisphaera_aggrega:0.154900172851417,(((((((Thermoproteus_uzoni:0.0471284910242446,Methanoculleus_mari:0.186429492846736):0.0107555355601674,Haloferax_volcanii:0.102753792869718):0.251829748560446,(((((((((Ignicoccus_hospital:0.207946849265567,Methanotorris_igneu:0.0417239855628831):0.167499331640689,Dictyostelium_dis:0.0316789701432924):0.263194616701257,Loki2:0.0631488472226881):0.184821293048147,Thermoplasma_acidop:0.274332163353156):0.0307502758199856,Pyrococcus_furiosus:0.038165490692463):0.421564725513649,(((Acidianus_hospitali:0.0419036972664307,((Methanospirillum_hun:0.0266858360389019,Methanoplanus_petro:0.0251502809273836):0.479614080494037,Methanomassilii_MlumB10:0.0217396019446156):0.0876615818444084):0.279942135452107,Rickettsia_prowazekii:0.134094086989852):0.111284467260415,((Vulcanisaeta_distri:0.242281618870421,Sulfolobus_solfatari:0.0234262953055202):0.0898873825275406,Caldiarchaeum_subte:0.0604126432220314):0.0487046468524095):0.0161893933099263):0.0897475796264212,(Fervidicoccus_fonti:0.065822354723329,Methanocaldococcus_j:0.0529325285984972):0.0632306443384617):0.03816333585848,Methanohalobium_eve:0.0264651937597998):0.190490698161943,Methanosarcina_aceti:0.199300115996301):0.0180805806657304):0.0611920042124395,Staphylothermus_mar:0.043692205180501):0.0608941053920987,Thermotoga_maritima:0.0437418187960544):0.154221258313602,Thermofilum_pendens:0.0159351183334739):0.0266119821954156,Leishmania_infant:0.0118602607774137):0.0615150805496879,(((((((((((Methanothermus_ferv:0.126466291398125,Metallosphaera_cupr:0.411424906509894):0.0678789903812345,(((Loki1:0.093993313392229,Pyrobaculum_aerophil:0.115454622773249):0.141227670215432,Methanobacterium_AL:0.174242508155954):0.0187922729521137,(Tetrahymena_ther:0.0171808028407686,Halalkalicoccus_jeo:0.376158597537038):0.0226032006799173):0.199543688029791):0.046881498525367,Methanosphaera_stadt:0.235174776860485):0.0368175354716475,Picrophilus_torridus:0.0250071720912425):0.0777604183709412,(((((Rhodopirellula_baltic:0.418868822215033,Nitrosoarchaeum_lim:0.196340315494105):0.0120529422635145,Halobacterium_NRC:0.0448354448267633):0.00860913796351176,Methanosaeta_thermo:0.0597418092748774):0.00461325106350284,(((Aeropyrum_pernix:0.140899194540353,(Sulfolobus_islandic:0.0137618232629082,Synechocystis_PCC:0.0478290322677166):0.0216580613778494):0.019270564748115,Methanococcus_marip:0.0587828808416043):0.155336403023313,(Thalassiosira_pseudo:0.176987775806226,Chlamydia_trachomatis:0.0664404015706308):0.0115223709178374):0.270780622342131):0.189980777780687,Entamoeba_histolytica:0.0609231937112555):0.0178971865124051):0.0532714340720727,(Campylobacter_jejuni:0.0198694061560419,Ferroglobus_placidu:0.0993329591415211):0.0156442063349436):0.0348556150561969,Caldivirga_maquilin:0.140607935537557):0.0304762225772727,(Pyrolobus_fumarii:0.0625162448868809,(Cenarchaeum_symbios:0.223870497074792,Methanocella_paludi:0.21540464764005):0.0491455841704422):0.13300920632815):0.168676440645166,Thermococcus_kodakar:0.0700189810825429):0.055943202175733,Sulfolobus_tokodaii:0.0711499454142452):0.0319829131221837,(((((((((((Aciduliprofundum_bo:0.0209524077973179,Pyrobaculum_calidif:0.00511400364643794):0.0498790456938324,Saccharomyces_cerevis:0.0698029516408361):0.0413746637806056,Desulfurococcus_kam:0.102010138031744):0.0328225969753683,Sulfolobus_acidocald:0.234896502175975):0.00553981960563586,Ferroplasma_acidarm:0.0164372249771946):0.0933505656742349,(((Arabidopsis_tha:0.0299773260620908,Methanothermobacter_:0.183839087219046):0.13215614714209,Escherichia_coli:0.0295818791581871):0.182112314902599,Acidilobus_saccharo:0.094257504944067):0.0470112060070811):0.180264860933452,Methanosphaerula_pa:0.0560707110200788):0.156670198547042,(Bacillus_subtilis:0.0693280713658277,Borrelia_burgdorferi:0.363631241908227):0.121460255216543):0.0543947314978448,Thermosphaera_aggre:0.00375872983552193):0.0103365227944803,((((((Archaeoglobus_fulgid:0.373019476481446,Nitrosoarchaeum_kor:0.045712816172155):0.0108605359716682,(Hyperthermus_butyli:0.133916737556574,Homo_sapiens:0.0472001681877219):0.0548215079512109):0.0838821072684674,Nitrosopumilus_mari:0.0657552216912612):0.199887233063652,Loki3:0.0331991655611727):0.0523887953895367,Metallosphaera_sedu:0.140780277710063):0.0369940001865151,Ca_Nitrososphaera:0.0670283954105459):0.157652830711657):0.030602524626388,((((Bacteroides_thetaiota:0.110809633734367,Methanocorpusculum_:0.0939056192481755):0.384534674420093,Plasmodium_falcip:0.121654746391813):0.139198734420719,Haloarcula_marismort:0.0374466482086693):0.0766239364546093,Trichomonas_vaginalis:0.281229967947065):0.0257696431344371):0.189824968591461):0.155741997677254);
1
10
1
5000
1
1	1	1	1	1	1	1	1	1	1	1	1	1	1	1	1	1	1	1	1	

1.42656	1.08987	1.88581	0.911317	0.457822	0.773401	0.0813356	0.734004	2.3474	0.398525	1.14104	0.0766107	3.04261	0.79593	1.25754	1.46262	0.684607	2.34185	1.6202	1.60728	1.08423	0.640338	0.496697	2.49359	0.959481	0.38671	1.14883	1.03369	0.0610153	0.414787	0.89173	0.444238	0.120947	0.0201175	1.69503	2.01284	4.9605	1.46303	0.0667939	0.213905	0.306511	0.558482	0.502704	0.714494	1.26116	0.332167	1.26563	1.1408	0.779313	4.11651	0.000323361	0.56085	2.05658	1.9735	0.300098	1.94663	0.896353	0.327107	2.74017	1.44462	0.690833	0.543544	0.475871	0.386594	1.23378	3.05262	0.606501	0.559104	2.36169	0.785549	0.932233	0.29034	0.0732485	0.52173	1.05761	0.912959	0.630684	0.202951	0.995966	0.17993	0.789367	1.79569	1.44648	0.0915484	0.150059	0.824318	0.142982	1.47722	0.883249	0.763961	0.047839	0.448749	0.438482	0.166143	4.59756	0.98874	0.814836	0.94657	0.149056	0.197931	2.37158	0.288529	0.226536	0.182749	0.168544	1.23563	0.190477	1.26954	0.0561007	1.83175	0.936934	3.60852	0.196827	0.417914	0.6002	2.08739	0.0905182	0.601115	0.0120873	1.48089	1.1434	0.729913	1.2907	1.35691	0.699769	0.00203554	1.13729	0.926651	0.23565	0.00725959	1.26541	0.190811	0.107937	1.12658	0.874417	9.35144	0.125388	0.548048	0.641896	2.33818	0.836232	0.042108	1.16631	0.0115095	0.484715	0.469468	1.08796	0.811705	0.172285	0.18826	1.19514	0.53164	0.159828	0.56261	1.22714	0.778361	1.10728	1.64703	0.793293	0.841618	0.568234	0.499686	0.653821	0.165486	1.9669	3.52724	1.90486	0.242277	0.0648426	0.409003	2.46787	0.346418	0.755653	1.15345	0.354131	3.32677	3.46293	0.0324464	0.766349	2.09283	0.249748	1.17079	0.293628	0.0936871	0.527667	0.348717	3.52263	0.0134917	0.130703	1.16889	

0.111114	0.064674	0.003613	0.0118513	0.114624	0.0481094	0.0763375	0.0659186	0.0367689	0.0178371	0.0764698	0.0190832	0.0506367	0.0411077	0.0669661	0.000892405	0.000954554	0.0312646	0.160709	0.00106809	
0.0306594	0.00218076	0.0964393	0.0111451	0.119598	0.0783751	0.0208914	0.129545	0.0184109	0.0222114	0.159957	0.0320158	0.00301173	0.0102504	0.045147	0.0137085	0.0853625	0.00686243	0.0416084	0.07262	
0.0616172	0.0176406	0.0164937	0.00146418	0.0454342	0.0237133	0.0159151	0.00932951	0.0244368	0.0494054	0.0159794	0.102208	0.231332	0.135415	0.0323403	0.0935819	0.00649406	0.073871	0.0226882	0.0206395	
0.0467714	0.0595086	0.115611	0.0179438	0.00511859	0.0448956	0.00282998	0.0514683	0.0702667	0.0312503	0.0824641	0.0662537	0.00675668	0.0731362	0.0781376	0.0435036	0.0759983	0.0143442	0.0518677	0.0618737	
0.0450982	0.0154323	0.11782	0.0477683	0.0298914	0.0400348	0.027505	0.0501162	0.0218039	0.303079	0.0161425	0.0589908	0.0493371	0.0276706	0.0279105	0.00522709	0.00687749	0.0613922	0.0366579	0.0112449	
0.0141468	0.0281598	0.067842	0.0604477	0.0970539	0.0143621	0.000654483	0.0205703	0.0393914	0.0299455	0.0911886	0.000632722	0.0207706	0.048992	0.247621	0.00241888	0.150608	0.0147329	0.0221654	0.0282958	
0.0673215	0.157693	0.00301379	0.064356	0.0132312	0.0951314	0.0343329	0.0312203	0.0465912	0.000740912	0.00805315	0.0983847	0.0395403	0.0217508	0.0960777	0.0326333	0.00846391	0.0826307	0.0828263	0.0160071	
0.00308827	0.0850425	0.00565715	0.00379227	0.032237	0.202432	0.0573922	0.125739	0.0411932	0.0101841	0.0463435	0.249118	0.00913525	0.0156562	0.0341593	0.00408106	0.0155279	0.00942444	0.0170725	0.0327241	
0.00278387	0.0820038	0.132189	0.00561331	0.000817738	0.0392414	0.053106	0.0248187	0.0285719	0.10768	0.0570072	0.125552	0.0182044	0.00739616	0.00198597	0.116917	0.0733213	0.0446384	0.0365492	0.0416026	
0.12177	0.0790821	0.213313	0.0118948	0.149763	0.0177179	0.060594	0.0210782	0.00210683	0.00638778	0.00551425	0.12635	0.0147317	0.03228	0.00792146	0.0296412	0.00877747	0.0571926	0.0312226	0.00266161	
0.0822325	0.00767704	0.0115055	0.0322876	0.0284867	0.0691654	0.033377	0.0216271	0.0954271	0.0377209	0.0741652	0.0297615	0.0449497	0.052792	0.0541007	0.0104154	0.0377841	0.0251015	0.176925	0.0744986	
0.0805278	0.0353436	0.103229	0.0259755	0.0657872	0.045753	0.0243675	0.0304098	0.0154346	0.0201846	0.0881601	0.128754	0.00894009	0.124645	0.00932247	0.0357611	0.0195446	0.0772784	0.0024539	0.058128	
0.0375207	0.0227406	0.0698297	0.0198634	0.134068	0.0159459	0.0261328	0.0572514	0.0844662	0.0858112	0.0101293	0.0373677	0.073924	0.0581891	0.0139471	0.000737683	0.180336	0.0300127	0.00773855	0.033988	
0.0933375	0.0619709	0.041649	0.0248368	0.0101113	0.0228712	0.0167279	0.0337357	0.0609356	0.128193	0.0724182	0.00311277	0.00364993	0.073672	0.0540256	0.0300462	0.0745689	0.0123796	0.12588	0.0558769	
0.063953	0.00493274	0.0510484	0.208228	0.0471618	0.0092939	0.0629552	0.0089536	0.0549593	0.0232245	0.0315058	0.0292084	0.00282966	0.0042256	0.0197528	0.0288858	0.179077	0.0422684	0.0611477	0.0663889	
0.00600017	0.0299731	0.368839	0.0435267	0.0161267	0.0437377	0.0736346	0.0179899	0.102296	0.0406348	0.0188797	0.027855	0.0209596	0.0103991	0.0504342	0.0018543	0.0931087	0.0032163	0.0176147	0.0129198	
0.0580499	0.00532581	0.0339484	0.161375	0.0421042	0.109948	0.00421248	0.0714618	0.0063562	0.0156782	0.00456561	0.119981	0.0466183	0.0206131	0.0930278	0.0785528	0.0508829	0.0393174	0.00743748	0.0305431	
0.0659877	0.11712	0.00584459	0.0305289	0.124587	0.014974	0.0169205	0.228521	0.0192778	0.00549258	0.0644568	0.0509906	0.0209606	0.0189831	0.023841	0.0398323	0.0220028	0.0948162	0.00439893	0.0304645	
0.0245999	0.0148428	0.0671956	0.0180751	0.00399678	0.133522	0.0869553	0.0120237	0.0765672	0.0308257	0.103871	0.0358188	0.062718	0.0199622	0.0569147	0.143461	0.0358251	0.00967296	0.0534893	0.00966284	
0.0603145	0.0366854	0.0111798	0.0194196	0.0306418	0.0154949	0.100767	0.0504627	0.188702	0.00806327	0.018348	0.0153265	0.0143916	0.0396421	0.00986691	0.036986	0.159715	0.0312029	0.151894	0.000896032	
0.00275675	0.156151	0.00866314	0.0402591	0.0316188	0.0488077	0.0318996	0.0541677	0.0173575	0.0197898	0.0219871	0.134156	0.0156038	0.0137583	0.0181787	0.0310882	0.0587232	0.14473	0.123546	0.0267583	
0.0590911	0.0646561	0.0854967	0.00367617	0.0293596	0.0125273	0.0199669	0.0190008	0.0690531	0.00560801	0.171718	0.134643	0.0568553	0.00239702	0.0259481	0.00929476	0.0702097	0.0506283	0.0846499	0.0252208	
0.0231364	0.104178	0.0738271	0.0981274	0.0639532	0.0285649	0.00821988	0.0235472	0.0680019	0.0595179	0.129491	0.0438988	0.0414095	0.00684733	0.0228434	0.0455101	0.027532	0.0533313	0.0034322	0.07463	
0.138898	0.0810532	0.0259126	0.0434075	0.00844975	0.00875312	0.01689	0.0426168	0.0605698	0.0497647	0.0113912	0.0826037	0.00991116	0.0280909	0.0401908	0.0354078	0.0215333	0.0139899	0.166245	0.114321	
0.0937648	0.0763251	0.0217347	0.0319628	0.0648146	0.0640932	0.032215	0.0199774	0.0971334	0.0610044	0.00735207	0.0368382	0.0551218	0.00214868	0.0774036	0.0687962	0.0591133	0.0136099	0.0140893	0.102502	
0.0016716	0.0235294	0.00103619	0.00399433	0.211141	0.0691475	0.019983	0.047146	0.143448	0.00268903	0.0647454	0.134671	0.00787016	0.0209532	0.0136749	0.0453091	0.0344959	0.00785154	0.0359072	0.110735	
0.260249	0.0618482	0.132888	0.0402922	0.0352251	0.0302685	0.0396128	0.0010799	0.071426	0.00839977	0.0411893	0.0510684	0.0948687	0.00641038	0.0541613	0.00591709	0.00357236	0.029931	0.00159935	0.0299927	
0.004109	0.013263	0.0281389	0.113649	0.0864828	0.0819817	0.0365421	0.0198704	0.0329845	0.0844885	0.0372677	0.00272026	0.00100359	0.0490185	0.022948	0.0912738	0.100113	0.0310969	0.145041	0.0180077	
0.0699281	0.0625602	0.00313707	0.163343	0.0429468	0.0287205	0.0728597	0.0365713	0.0166933	0.0367704	0.160026	0.0380017	0.00700419	0.0380178	0.0265702	0.0250412	0.0208496	0.0961911	0.0280542	0.026713	
0.0770238	0.120614	0.00221849	0.0427034	0.0767524	0.0185152	0.0172969	0.0432511	0.0745217	0.0720751	0.00303463	0.0207444	0.031826	0.0197317	0.0026513	0.0207841	0.0271547	0.00267869	0.138027	0.188395	
0.0269249	0.0858164	0.0321784	0.0412682	0.0043328	0.191939	0.102575	0.00146944	0.000966742	0.00356024	0.163752	0.007898	0.00436497	0.0419504	0.024507	0.0698677	0.0170645	0.0637089	0.0773464	0.03851	
0.0911081	0.0278763	0.0222802	0.0126789	0.00809355	0.0719583	0.0381314	0.0210447	0.109636	0.0605296	0.00469131	0.0415477	0.00820693	0.0296694	0.042706	0.0159472	0.0226998	0.189549	0.162247	0.0193983	
0.000151133	0.16322	0.00147682	0.0271016	0.0189918	0.0389466	0.0184586	0.0706475	0.0229105	0.000391983	0.0611846	0.145476	0.0186032	0.107952	0.0186765	0.0473468	0.119796	0.0254818	0.0740042	0.0191832	
0.0584884	0.0712876	0.0259241	0.0290949	0.0199846	0.0806731	0.00161348	0.0751329	0.0321655	0.014106	0.00235784	0.0864548	0.00200976	0.0727333	0.104519	0.138308	0.0453718	0.0433482	0.0359	0.0605266	
0.0632389	0.00294844	0.00482797	0.00838072	0.0512604	0.112233	0.00339483	0.083157	0.00154227	0.017944	0.0420926	0.000393722	0.00299206	0.118121	0.0405929	0.0603046	0.111602	0.0354912	0.197883	0.0415997	
0.00582249	0.0522916	0.000919732	0.00358468	0.00228348	0.0923001	0.00498432	0.110055	0.158675	0.054972	0.0379236	0.117339	0.0885423	0.0705721	0.018005	0.0720944	0.00882352	0.0117579	0.0591636	0.0298912	
0.0330906	0.0171919	0.030521	0.0383118	0.00105435	0.007619	0.160527	0.00827826	0.0186856	0.0644905	0.0103936	0.00288824	0.0700982	0.00895839	0.0799472	0.102842	0.219182	0.00733707	0.0937161	0.0248671	
0.0441522	0.196782	0.0702925	0.0343041	0.0197426	0.0531231	0.00957084	0.00614812	0.00177816	0.00225484	0.107269	0.0156207	0.0313431	0.061734	0.0361206	0.0690899	0.0213483	0.0550258	0.0510265	0.113273	
0.0236515	0.0587333	0.00665918	0.0115806	0.0670958	0.2373	0.152108	0.0313243	0.0381836	0.0051137	0.000172878	0.0683102	0.0258095	0.0199394	0.0514337	0.0402874	0.012379	0.109037	0.0384161	0.00246501	
0.15681	0.004116	0.00895822	0.0408423	0.0770047	0.0219984	0.00126924	0.112494	0.0278061	0.111397	0.047266	0.0643944	0.103472	0.0451442	0.0512587	0.0448934	0.00494107	0.0655695	0.00250609	0.00785878	
0.0146664	0.00872756	0.0354173	0.000607247	0.034576	0.0169144	0.00934073	0.0289766	0.067609	0.133057	0.0553503	0.00659007	0.0238242	0.226836	0.00811871	0.0175561	0.114885	0.0816771	0.0714558	0.0438146	
0.0153599	1.91764e-05	0.05058	0.228351	0.112405	0.0141826	0.0435436	0.0978169	0.119808	0.00855024	0.0400592	0.0259795	0.0652773	0.00939152	0.0655707	0.0411451	0.00738895	0.026474	0.0147769	0.0133206	
0.0544708	0.0438857	0.0420592	0.0952287	0.0340451	0.0838081	0.0827545	0.162929	0.0451106	0.00345109	0.0164014	0.0508991	0.00336974	0.015327	0.0151967	0.0362778	0.0183253	0.0259844	0.0372197	0.133256	
0.0803385	0.0150335	0.0961804	0.0219671	0.0288291	0.0675451	0.0320936	0.0482948	0.00865024	0.0277795	0.0809809	0.0575654	0.0376751	0.0849749	0.0268319	0.108756	0.102455	0.027461	0.0135886	0.0329996	
0.146417	0.0651736	0.0304382	0.042533	0.019367	0.044679	0.0649117	0.0363558	0.0105012	0.000393713	0.151863	0.0439649	0.001355	0.0371521	0.00797451	0.0915507	0.0121137	0.0916798	0.0371763	0.0643998	
0.0251345	0.0975717	0.0545749	0.0157955	0.106112	0.0610876	0.0610427	0.0217545	0.0404416	0.00658554	0.0314	0.0359454	0.189304	0.0010704	0.00483189	0.00378981	0.0744525	0.0378063	0.10362	0.0276786	
0.0265607	0.029856	0.0373818	0.0144605	0.0360441	0.0967237	1.51501e-05	0.128231	0.00974678	0.020894	0.000391486	0.0156897	0.121904	0.00981897	0.013551	0.053123	0.153416	0.0464467	0.122191	0.0635552	
0.0914292	0.0167684	0.148407	0.0172174	0.00192084	0.0128029	0.002151	0.0125887	0.131043	0.0648355	0.0210195	0.0238663	0.0117432	0.0216462	0.101355	0.0308776	0.0210389	0.043141	0.0909852	0.135163	
0.0601575	0.269129	0.0361713	0.0868709	0.0344351	0.0183293	0.022197	0.0219531	0.00212796	0.0748053	0.00426966	0.115105	0.0436585	0.0920679	0.0269143	0.0127706	0.0178551	0.0361618	0.019462	0.00555894	
0.0422839	0.0395001	0.0331488	0.0562464	0.0172194	0.0548906	0.0984832	0.0379719	0.0483638	0.0231746	0.0637249	0.121003	0.0352108	0.166451	0.062032	0.00514292	0.0465981	0.0370474	0.00815697	0.00334957	
0.0407797	0.114035	0.0500953	0.00253668	0.112336	0.040698	0.00636509	0.0323874	0.214282	0.000228284	0.000181931	0.019376	0.0940031	0.0946798	0.0537068	0.0637391	0.00939964	0.0159971	0.00135919	0.0338134	
0.0446381	0.0458404	0.00269553	0.0284634	0.00283138	0.0463592	0.0341684	0.0271889	0.0405468	0.0275375	0.0869635	0.0296788	0.104778	0.0609523	0.0361672	0.062718	0.165655	0.0925651	0.0133389	0.0469133	
0.0298619	0.0271121	0.0129764	0.016528	0.111696	0.0611304	0.00771071	0.0130841	0.0612465	0.00141805	0.00868222	0.00568847	0.0254089	0.207837	0.0742391	0.0402197	0.144446	0.00258529	0.0491713	0.0989576	
0.035388	0.00366963	0.0344884	0.00725497	0.0645497	0.0726894	0.00763193	0.0663101	0.0877198	0.048344	0.00959445	0.0130937	0.00400582	0.146988	0.0682505	0.074085	0.0978895	0.0585647	0.0663383	0.0331441	
0.0890137	0.00772706	0.00458873	0.0167002	0.00279561	0.0194286	0.0509024	0.0188831	0.105895	0.011408	0.0407958	0.175536	0.104268	0.0317823	0.0302282	0.0324504	0.0555543	0.105704	0.0854676	0.0108705	
0.122494	0.063552	0.0390292	0.0307703	0.068602	0.0191607	0.0825266	0.169555	0.0709903	0.04733	0.0398446	0.00212097	0.00442819	0.0300326	0.044904	0.0335471	0.0516383	0.00349629	0.0146266	0.0613517	
0.0610661	0.0243486	0.00570102	0.0424771	0.11876	0.0709527	0.00907566	0.0196323	0.0308075	0.145047	0.0422325	0.0157811	0.0246866	0.163254	0.11187	0.00636478	0.00690872	0.0258547	0.0745649	0.000615678	
0.00628651	0.00915916	0.00041373	0.00878204	0.0617996	0.0192532	0.00810522	0.00918944	0.0408383	0.0648713	0.23823	0.0380825	0.0796621	0.0291829	0.0709793	0.0950724	0.0779304	0.00431604	0.00178906	0.136057	
0.0248501	0.0877972	0.0701832	0.0654415	0.127795	0.0233108	0.0376273	0.0508355	0.0608895	0.0207843	0.0478088	0.00986276	0.0872244	0.004875	0.000666782	0.113929	0.0176462	0.0106895	0.0899285	0.0478538	
0.223507	0.0118156	0.0183452	0.0805415	0.0387695	0.0963441	0.036411	0.0070216	0.0104662	0.127489	0.0601885	0.0152597	0.0120206	0.0248162	0.080854	0.0377598	0.0178213	0.0618506	0.00318768	0.0355312	
0.000435563	0.0105108	0.150554	0.0260657	0.0512813	0.0952688	0.0723254	0.00382278	0.0762965	0.00347102	0.0473654	0.0750718	0.0370699	0.0303459	0.0511749	0.0257918	0.11275	0.0505445	0.0675596	0.0122945	
0.00935132	0.0227648	0.117043	0.0903125	0.0394636	0.0501209	0.00222427	0.0183375	0.0316795	0.0366142	0.111525	0.0706166	0.0457505	0.0311457	0.0412566	0.118652	0.110579	0.00597556	0.0462996	0.000287291	
0.0309284	0.0183514	0.037366	0.0845112	0.0522145	0.00144936	0.0389258	0.0551326	0.0274219	0.000997568	0.0252961	0.0110806	0.0507796	0.0474167	0.0735886	0.0806326	0.19055	0.0459929	0.102043	0.0253203	
0.0878462	0.0422513	0.246565	0.0304341	0.016732	0.00595215	0.0849176	0.00659453	0.07877	0.0177186	0.093081	0.00768452	0.09126	0.00288759	0.0525332	0.043372	0.0443127	0.0205199	0.0133403	0.0132268	
0.0219601	0.0895168	0.0412279	0.0103819	0.009169	0.011134	0.0607527	0.0215362	0.113538	0.0219389	0.00274046	0.0492196	0.0516211	0.0128921	0.109627	0.0190815	0.0984733	0.198969	0.0294783	0.0267424	
0.00552246	0.0210888	0.0395914	0.0211696	0.0179618	0.0161445	0.000453272	0.189889	0.0978952	0.0605286	0.141824	0.00808772	0.121132	0.106249	0.0205464	0.0316246	0.0107378	0.01785	0.00113611	0.0705688	
0.0368037	0.00540165	0.075171	0.0106568	0.00577707	0.189201	0.049459	0.0146632	0.00313831	0.0481836	0.273951	0.0428995	0.0031611	0.0459353	0.036381	0.0711296	0.0393841	0.00910439	0.0166142	0.0229847	
0.0459652	0.245405	0.0319573	0.0543992	0.00179355	0.000102321	0.0336225	0.00707833	0.0372179	0.0387738	0.136288	0.00327126	0.00116897	0.012338	0.0506965	0.0752227	0.0297026	0.0142875	0.147377	0.0333324	
0.0582798	0.0357473	0.182924	0.066507	0.0172914	0.0167072	0.194326	0.000713548	0.0592452	0.00415865	0.103161	0.0274267	0.00885911	0.000235811	0.0109867	0.00170163	0.106318	0.0442837	0.0174336	0.0436934	
0.0430907	0.0635191	0.00174858	0.0426443	0.056701	0.0580029	0.0539888	0.0270125	0.0539055	0.00561401	0.0243396	0.00907628	0.0121853	0.196291	0.0458039	0.0728965	0.0163239	0.0683905	0.0673484	0.0811173	
0.0698716	0.0200806	0.062134	0.0571406	0.0131849	0.0206264	0.00100463	0.070449	0.0386729	0.0330051	0.0146791	0.035391	0.096394	0.0571427	0.107846	0.0155445	0.0428829	0.0135396	0.0130055	0.217405	
0.0237187	0.0275651	0.0158342	0.0782022	0.167712	0.0148735	0.0175728	0.0646292	0.0155456	0.011041	0.00666065	0.0215371	0.00270143	0.0122394	0.0390047	0.134565	0.0952114	0.0505733	0.0589179	0.141894	
0.0620255	0.0214514	0.0119975	0.00387595	0.013511	0.137784	0.0054039	0.0690494	0.107381	0.00746437	0.0175261	0.0202669	0.0696543	0.0124579	0.0814505	0.0676013	0.0404967	0.0693167	0.0182191	0.163067	
0.0597181	0.0487151	0.0357385	0.257513	0.00635194	0.00714237	0.0320705	0.00718192	0.0229764	0.00870729	0.0768279	0.00238191	0.000819754	0.0119594	0.0259739	0.0413387	0.0104852	0.154867	0.094518	0.0947131	
0.0486239	0.00184798	0.0590994	0.0403999	0.039044	0.000889457	0.0442133	0.0278843	0.0633622	0.0196122	0.0373933	0.133936	0.0207745	0.0491128	0.0577852	0.123823	0.0262308	0.137316	0.0270978	0.0415541	
0.0108894	0.00523038	0.0823392	0.00931781	0.0455148	0.0622678	0.0256597	0.0323792	0.0808619	0.185741	0.0538386	0.0083248	0.0448125	0.00743416	0.0193298	0.141031	0.0150659	0.036613	0.0969658	0.0363835	
0.114208	0.0467101	0.189359	0.0244063	0.0444302	0.0545984	0.0444416	0.0218793	0.045825	0.0504515	0.0218392	0.0406176	0.047029	0.0410538	0.0451007	0.030331	0.00795844	0.0628805	0.0494982	0.0173825	
0.122336	0.0122039	0.0287818	0.00342146	0.143449	0.0719403	0.0323841	0.0925195	0.00401931	0.00143011	0.024764	0.0620575	0.0678675	0.0682502	0.0330327	0.0305253	0.10829	0.0563688	0.0215612	0.0147978	
0.0263669	0.0126786	0.0273128	0.0134757	0.0872855	0.00154466	0.0304313	0.225907	0.00480811	0.0305354	0.0686372	0.0211786	0.049286	0.0689117	0.0136245	0.0759432	0.0427686	0.0432401	0.0433686	0.112695	
0.0859025	0.0721931	0.0760061	0.0151361	0.0650743	0.0377987	0.00493616	0.00259749	0.0606008	0.00980948	0.0292674	0.0890088	0.0317859	0.0554833	0.0583894	0.00419301	0.166618	0.0223081	0.0698208	0.04307	
0.145807	0.0720039	0.00155483	0.0065649	0.101511	0.0336717	0.0602374	0.00875692	0.0526226	0.0869996	0.00104056	0.0480491	0.0421678	0.0625793	0.0058819	0.0302837	0.00159797	0.02923	0.00731884	0.202121	
0.0902738	0.136194	0.0480286	0.127167	0.0584106	0.0634858	0.0108892	0.0159243	0.0744913	0.00963708	0.0191466	0.0278712	0.00900839	0.00760989	0.0662348	0.0582163	0.0190781	0.0853503	0.0215155	0.051468	
0.00285073	0.0177646	0.201062	0.127847	0.110269	0.092947	0.0180925	0.0149092	0.0292926	0.0365752	0.022242	0.0302856	0.0426322	0.0803669	0.0644718	0.0156568	0.0274989	0.0299109	0.017925	0.0173991	
0.0567416	0.018865	0.0290693	0.0643163	0.165964	0.0183114	0.0125715	0.0301721	0.0748899	0.000901832	0.0941586	0.0314769	0.0131698	0.0216442	0.165795	0.0306926	0.0233318	0.00641158	0.0636494	0.0778675	
0.0118467	0.0407931	0.0539446	0.0349482	0.0435231	0.0323192	0.042242	0.0197497	0.100012	0.0309665	0.0575241	0.0867949	0.0720703	0.00501775	0.101995	0.0253125	0.00516934	0.177525	0.0342258	0.02402	
0.0361514	0.092846	0.0509628	0.0120401	0.0413328	0.0789178	0.00333517	0.0235625	0.16644	0.00263967	0.0256628	0.011791	0.0148074	0.0404522	0.00412906	0.0797289	0.0801893	0.200496	0.0232056	0.0113094	
0.1318	0.000537288	0.0220178	0.0428219	0.12877	0.0228184	0.00637361	0.112129	0.0255275	0.0508337	0.00542779	0.120557	0.0306313	0.00779499	0.137511	0.00485896	0.0136272	0.0330794	0.0246958	0.0781876	
0.0286924	0.0430569	0.0339947	0.00278795	0.0283817	0.00988091	0.0156132	0.00755879	0.135287	0.0901071	0.0234314	0.0733598	0.0353242	0.00445324	0.0766011	0.00170061	0.0107246	0.123573	0.24108	0.0143921	
0.0640514	0.098919	0.00687037	0.0154746	0.0159632	0.0225501	5.94526e-05	0.0305481	0.00241172	0.00899465	0.0412669	0.0939982	0.0505402	0.0872712	0.0426961	0.0561021	0.0600046	0.0811499	0.100147	0.120981	
0.0310231	0.0272032	0.104297	0.0161138	0.00479514	0.14375	0.00848634	0.0211014	0.0209832	0.0246553	0.0148143	0.0318179	0.0291248	0.0964208	0.0298662	0.176238	0.0671282	0.0329868	0.047847	0.0713463	
0.0396811	0.00803157	0.00556669	0.00535721	0.071826	0.0425838	0.0622255	0.0887068	0.0268157	0.0510231	0.0391884	0.0358582	0.0833731	0.0482449	0.023231	0.0215086	0.125064	0.0275769	0.00475864	0.189379	
0.0422865	0.0734492	0.021908	0.0405115	0.123927	0.096472	0.131256	0.0042639	0.0402126	0.000890796	0.00146881	0.0527624	0.0275831	0.126385	0.0431289	0.0172469	0.00421149	0.0418084	0.0930898	0.0171376	
0.00184684	0.0257651	0.0994104	0.0242896	0.00940232	0.114203	0.0509468	0.0223128	0.121482	0.0198692	0.109114	0.0311425	0.0720921	0.0418469	0.0149039	0.0883767	0.0170881	0.102196	0.0260123	0.00769853	
0.0213795	0.0638597	0.0359171	0.00735739	0.0075635	0.0137768	0.035383	0.186176	0.0731274	0.0573948	0.00844534	0.00357853	0.0227055	0.00780645	0.0568087	0.00643213	0.199914	0.131972	0.018627	0.0417761	
0.000202847	0.0564159	0.00905846	0.00752756	0.0440626	0.00629315	0.0720218	0.0147506	0.115021	0.0515943	0.00311105	0.0333356	0.0641387	0.18721	0.098915	0.0160732	0.0287358	0.00490346	0.174671	0.0119574	
0.0407616	0.0266869	0.0561426	0.096888	0.112708	0.0582181	0.0344443	0.107158	0.00656245	0.00438976	0.132634	0.0019333	0.0878325	0.0780541	0.0178167	0.0483331	0.0810894	0.00203208	0.000313432	0.00600147	
0.0759351	0.056422	0.10444	0.072514	0.00709286	0.0556474	0.0902904	0.028387	0.00882025	0.0480813	0.114355	0.0027208	0.0274368	0.0438324	0.0164472	0.0226688	0.0091911	0.108574	0.0733905	0.0337537	
0.0529292	0.000223957	0.112763	0.00213299	0.0162183	0.00356508	0.020928	0.0372745	0.00923841	0.0233471	0.0337042	0.0528055	0.0960157	0.126291	0.0846571	0.0356675	0.0519559	0.0434404	0.175157	0.0216844	
0.0169549	0.100532	0.154877	0.0146643	0.00197145	0.0339574	0.084849	0.159134	0.0048175	0.0121567	0.0113517	0.0143114	0.0109431	0.139588	0.00136965	0.121168	0.0127892	0.0127331	0.0190714	0.0727599	
0.0379604	0.0914473	0.0496856	0.0379439	0.0772177	0.040836	0.124074	0.0427946	0.0345959	0.0388501	0.0355027	0.00233049	0.0539017	0.0658418	0.0770711	0.0141739	0.0900938	0.00122641	0.0510596	0.0333927	
0.0254384	0.0451474	0.00811597	0.0694947	0.0682085	0.00414032	0.0759062	0.0126974	0.0763709	0.0255583	0.0659053	0.0101689	0.108106	0.178962	0.0314275	0.0145493	0.00253819	0.138382	0.00745373	0.0314281	
0.212666	0.00894725	0.0326121	0.00850122	0.0296221	0.0529062	0.041398	0.0195106	0.0173929	0.24439	0.0228922	0.0219752	0.0582064	0.0511842	0.00208613	0.0234335	0.0433269	0.0235743	0.0300411	0.0553338	
0.126882	0.0290085	0.0295042	0.0123737	0.0751995	0.0430232	0.0204738	0.000169786	0.00647873	0.133499	0.0369456	0.0137045	0.203529	0.127994	0.0294224	0.0115236	0.0241201	0.058147	0.00311543	0.0148855	
0.0559275	0.0657301	0.231475	0.0389852	0.0198717	0.0508788	0.0843127	0.0412133	0.0542711	0.044685	0.010022	0.0384339	1.79746e-05	0.000103965	0.047288	0.000410578	0.0531242	0.0223474	0.0580957	0.0828055	
0.00210489	0.0266688	0.00724089	0.103884	0.140834	0.127022	0.0530174	0.0424024	0.125354	0.0664332	0.0528669	0.00448393	0.0213776	0.0262274	0.0132564	0.00454458	0.000493713	0.111817	0.0628057	0.00716524	
0.0950616	0.153381	0.0419927	0.0306003	0.0566961	0.0179944	0.0892211	0.0562715	0.0530011	0.0564792	0.0238159	0.0390924	0.0284674	0.0026973	0.0301301	0.000299346	0.00370519	0.0707149	0.0212225	0.129156	
0.0464882	0.0140148	0.0530221	0.0673488	0.0187684	0.00900932	0.0862026	0.151287	0.0768574	0.0367616	0.0185097	0.0858567	0.00376778	0.0355134	0.0193521	0.00366457	0.115659	0.0724482	0.000605771	0.0848631	
0.0543914	0.0153302	0.055853	0.0782577	0.0163647	0.00409179	0.0887643	0.0258322	0.102038	0.0302594	0.0244793	0.0297805	0.00623426	0.00056896	0.166836	0.0142665	0.175632	0.0678195	0.0217204	0.0214797	
0.0393388	0.021089	0.0386769	0.0492297	0.0223087	0.168655	0.0781206	0.00741494	0.00300056	0.0202035	0.00462251	0.0648023	0.0343731	0.031929	0.115274	0.00959716	0.0194966	0.242576	0.0038709	0.0254201	
0.0301659	0.0999826	0.0695981	0.0116749	0.0121696	0.0300979	0.0388392	0.0343569	0.13877	0.0433861	0.0246688	0.0257273	0.0749615	0.0558915	0.0117654	0.116106	0.0013581	0.0507211	0.0283786	0.10138	
0.0520011	0.0536401	0.00349461	0.0152943	0.0425183	0.00982203	0.0419594	0.0812689	0.049875	0.0337634	0.0882225	0.154812	0.0322252	0.0262429	0.0318554	0.0629235	0.117502	0.0240394	0.0679084	0.0106313	
0.10373	0.132864	0.00775154	0.113348	0.0408145	0.0590928	0.0161622	0.00993995	0.0222959	0.0124637	0.0831492	0.144591	0.0266953	0.0291506	0.0701135	0.0167749	0.00820081	0.0112609	0.0607287	0.0308724	
0.0016215	0.0507719	0.0546278	0.0912638	0.089511	0.0383705	0.00672157	0.0288075	0.060229	0.0175862	0.0930842	0.0766689	0.00874161	0.0533354	0.0514964	0.0451196	0.00348221	0.162223	0.00202228	0.0643158	
0.0637567	0.0520864	0.0632152	0.0136553	0.0609719	0.0529419	0.0763601	0.122094	0.137273	0.0389096	0.0624319	0.0594968	0.0198891	0.00640846	0.0129261	0.0259503	0.00367566	0.0517964	0.0138153	0.0623461	
0.0113924	0.0572571	0.0118582	0.0349428	0.0218509	0.0184305	0.033642	0.0416771	0.213631	0.0964958	0.0304428	0.0579124	0.0298264	0.0274229	0.0172358	0.00598192	0.0110702	0.0544102	0.152007	0.0725115	
0.0652628	0.023336	0.0235746	0.0525665	0.000678449	0.0736068	0.017661	0.109485	0.0399206	0.0820475	0.0658767	0.0365688	0.0577119	0.062305	0.0919843	0.00907581	0.0868441	0.0609668	0.0382883	0.00223897	
0.00366469	0.00296198	0.0974414	0.0124767	0.0289555	0.0787279	0.0089936	0.00821772	0.0482708	0.00309225	0.110178	0.12511	0.0222817	0.0954445	0.101116	0.0299989	0.000515866	0.0934621	0.0152885	0.113803	
0.0276675	0.00650525	0.178654	0.0814766	0.00545994	0.00230337	0.0974245	0.075862	0.0643901	0.023187	0.00350309	0.0766774	0.0301913	0.069568	0.0294245	0.002368	0.104658	0.0306739	0.00625794	0.0837473	
0.0253939	0.0333382	0.0317093	0.099545	0.0693986	0.0152147	0.0899422	0.0376056	0.0364316	0.0294103	0.0427046	0.0646316	0.00433254	0.0617717	0.0905929	0.0375164	0.0294658	0.152673	0.00439641	0.0439254	
0.188953	0.0339643	0.0401021	0.00499101	0.129189	0.104807	0.00998798	0.0472497	0.00518461	0.00312933	0.018393	0.0270705	0.0502691	0.0452871	0.0765552	0.0233813	0.0493487	0.086163	0.0354401	0.0205338	
0.0247751	0.067451	0.103759	0.018378	0.0229002	0.013063	0.0539602	0.0125226	0.0794513	0.00933658	0.161681	0.0630207	0.0220829	0.0414999	0.137705	0.0193063	0.05739	0.0262255	0.0462866	0.0192046	
0.0627782	0.0210419	0.039909	0.00300912	0.139364	0.0200566	0.0488108	0.055295	0.0205163	0.0991832	0.0299068	0.139487	0.040048	0.00171816	0.0399154	0.0648569	0.00307909	0.0880206	0.0656877	0.0173158	
0.0471345	0.164073	0.0116503	0.0174176	0.135867	0.0398018	0.0446548	0.0441082	0.0631584	0.0991815	0.0237215	0.0405125	0.00153339	0.0172982	0.0764304	0.02404	0.0404119	0.0702815	0.0237333	0.0149906	
0.10726	0.00343967	0.0338226	0.0899423	0.0214131	0.170423	0.0145834	0.0398124	0.0997418	0.148625	0.0298325	0.0100037	0.00369888	0.00787384	0.0119575	0.040055	0.00562209	0.0637601	0.0361467	0.0619858	
0.107824	0.000158665	0.189261	0.0478878	0.0397184	0.0146872	0.0151495	0.147421	0.00966875	0.00423465	0.121689	0.0566333	0.059166	0.00542877	0.0953673	0.00114562	0.00802563	0.0194742	0.0440551	0.0130044	
0.0525718	0.00790434	0.0532578	0.0332396	0.0109911	0.0496906	0.00244836	0.034606	0.0170979	0.00680206	0.00191341	0.0810134	0.162203	0.0397173	0.0493307	0.0861021	0.021931	0.125002	0.0578166	0.10636	
0.0147294	0.00231624	0.0010972	0.115771	0.0684548	0.0281723	0.0176097	0.045374	0.0590875	0.155676	0.00872133	0.141023	0.0079939	0.019471	0.000668666	0.0128715	0.128423	0.104683	0.00942382	0.0584322	
0.0765499	0.0562856	0.00542507	0.032835	0.00557632	0.0236194	0.0586783	0.0518247	0.0662175	0.10614	0.0784267	0.044107	0.194269	0.0553197	0.00154272	0.0923537	0.00953296	0.0117138	0.00677632	0.0228062	
0.00506429	0.0127175	0.000571882	0.0622704	0.0134438	0.00622081	0.0253281	0.0348993	0.108676	0.0594388	0.073808	0.00547635	0.074811	0.386368	0.0286752	0.012187	0.0298689	0.0236603	0.00198885	0.0345257	
0.0338536	0.172613	0.0635589	0.026641	0.0461585	0.0106411	0.0171575	0.131781	0.0373205	0.0511307	0.0313489	0.0581781	0.0159317	0.0456871	0.0356712	0.0605768	0.00735282	0.071169	0.0492272	0.0340017	
0.0236438	0.0195852	0.224499	0.0379331	0.031576	0.0554604	0.0237153	0.0823966	0.000200232	0.00514657	0.0282097	0.0403641	0.0167866	0.0670328	0.0736944	0.0671962	0.0620996	0.0198163	0.0654196	0.0552246	
0.0339706	0.0309742	0.156719	0.0851299	0.0170922	0.018265	0.103817	0.0853903	0.0262717	0.126087	0.0345591	0.059064	0.00796401	0.0310398	0.0771669	0.00356454	0.0337197	0.0280324	0.0324108	0.00876186	
0.0277976	0.126962	0.0228041	0.0938822	0.0650081	0.0170484	0.0401891	0.155876	0.0258526	0.0106245	0.0299615	0.0702213	0.0278398	0.0146702	0.0197764	0.171011	0.0205819	0.0228219	0.0204432	0.0166275	
0.0554091	0.0169849	0.0524227	0.0786447	0.21715	0.0483133	0.154274	0.0157885	0.00761763	0.011347	0.0319758	0.0786329	0.0363929	0.0678779	0.0230342	0.0347459	0.00381146	0.0434179	0.00735217	0.0148075	
0.021576	0.0866157	0.00931005	0.0594123	0.112705	0.00677484	0.0172434	0.0299013	0.0179394	0.011494	0.0272219	0.0801451	0.0333728	0.0370343	0.256516	0.0514371	0.0711655	0.00975687	0.0202369	0.0401414	
0.0288165	0.0170549	0.0883528	0.0544509	0.00422787	0.0249099	0.135403	0.0205864	0.0933232	0.00778943	0.076983	0.00415786	0.00772211	0.0940661	0.041869	0.0476998	0.0690312	0.00497548	0.084999	0.0935816	
0.0350611	0.158488	0.070424	0.0305882	0.00762364	0.0854957	0.0794878	0.020226	0.0771795	0.174602	0.0153486	0.016666	0.0359796	0.00133299	0.00115547	0.0337263	0.0549429	0.0233811	0.0432672	0.0350248	
0.0892037	0.000144536	0.0356206	0.0340616	0.155307	0.00322191	0.114232	0.00666934	0.0702033	0.0898576	0.050275	0.0282833	0.0375203	0.0449137	0.0266594	0.0381788	0.0663431	0.00280819	0.0246141	0.0818828	
0.0711549	0.0184402	0.0151885	0.0536192	0.0650142	0.0229065	0.018618	0.0706306	0.0161162	0.028924	0.0287432	0.0160119	0.0344776	0.049706	0.156946	0.00171119	0.103003	0.129545	0.0642182	0.0350255	
0.00226032	0.123475	0.0496497	0.0838589	0.0165513	0.00491362	0.124303	0.0888138	0.052679	0.0816037	0.0397753	0.0322175	0.0693517	0.0667351	0.0821678	0.0123575	0.00115064	0.0333204	0.0202592	0.014556	
0.0834479	0.036086	0.0467096	0.00987333	0.152672	0.0899864	0.0130604	0.0299466	0.0561231	0.0468499	0.0130385	0.0849143	0.0507631	0.0196334	0.0501877	0.00576858	0.018927	0.0217461	0.00809231	0.162174	
0.0422357	0.0172991	0.0283846	0.13195	0.116452	0.0791955	0.0383459	0.0341986	0.0379244	0.0552336	0.0127482	0.00517104	0.059736	0.0918839	0.0143535	0.0927302	0.0798481	0.0134856	0.00973551	0.0390885	
0.0533635	0.0343418	0.0854442	0.00760023	0.0401603	0.00642743	0.0437101	0.104646	0.0440227	0.0795528	0.00292053	0.000801463	0.108677	0.0485968	0.0638772	0.0768178	0.064687	0.0152376	0.00616087	0.112955	
0.0288675	0.00947377	0.00961323	0.042446	0.0199093	0.0276925	0.00405758	0.0446911	0.00869984	0.0361063	0.255134	0.0223136	0.0228115	0.0101716	0.0959654	0.0189066	0.208373	0.0742588	0.0566429	0.00386496	
0.0233048	0.046456	0.0497498	0.0290124	0.0313643	0.122689	0.0819982	0.0502359	0.10516	0.0330968	0.0186207	0.0725256	0.0790882	0.00703962	0.0496715	0.0374816	0.00670343	0.0232039	0.0924551	0.0401431	
0.122783	0.0161578	0.0323368	0.0240602	0.0515167	0.0843837	0.0174284	0.0491041	0.0172717	0.125942	0.00369052	0.0225003	0.0233039	0.0698003	0.0226779	0.0735643	0.175413	0.00620234	0.0339902	0.0278726	
0.0392618	0.0329898	0.0883319	0.0797509	0.0380386	0.0109722	0.0401818	0.0306067	0.10275	0.0455726	0.0188818	0.0396599	0.0306413	6.57714e-05	0.17582	0.100551	0.0126121	0.0209806	0.0267633	0.0655672	
0.131374	0.0367598	0.083969	0.00587825	0.0272384	0.0220938	0.0996934	0.0461853	0.0401631	0.0106895	0.0165642	0.00710998	0.0179451	0.00838841	0.0507126	0.0746934	0.00511741	0.132925	0.149307	0.0331935	
0.0265429	0.0287632	0.0413772	0.00309279	0.0232558	0.0968207	0.0425177	0.0838526	0.0938269	0.0293083	0.0941295	0.0142698	0.0433563	0.101436	0.0637091	0.00314103	0.0328697	0.0680485	0.0460901	0.063592	
0.055831	0.106305	0.00111528	0.01326	0.0592359	0.236828	0.00253678	0.116025	0.0120516	0.0140909	0.0930052	0.0348748	0.0395163	0.0106968	0.0100132	0.119475	0.00335723	0.00915939	0.0623563	0.00026641	
0.0279762	0.194332	0.0293432	0.10331	0.016809	0.0102204	0.0396716	0.0461964	0.0201568	0.04455	0.0703351	0.0676226	0.0595251	0.0655517	0.048686	0.0189567	0.0117763	0.0221225	0.0682121	0.0346466	
0.0227999	0.0627255	0.110046	0.00936097	0.0740501	0.000229758	0.000741806	0.0232935	0.00358771	0.191239	0.1358	0.124337	0.0161205	0.0437653	0.000172	0.0236929	0.0697268	0.00740569	0.0501385	0.0307677	
0.0555297	0.00742601	0.0773132	0.0181163	0.0220969	0.0885041	0.00206179	0.029861	0.10875	0.0512996	0.0685926	0.0761512	0.0810706	0.0414429	0.0241882	0.0383007	0.0712076	0.0566703	0.00593436	0.0754825	
0.0817501	0.0332933	0.0521313	0.0535362	0.0179625	0.0746906	0.0844881	0.0160685	0.0350493	0.0607781	0.00213046	0.00158815	0.020707	0.107849	0.01702	0.10045	0.0334075	0.0987123	0.0969795	0.0114079	
0.00439792	0.0337671	0.0133775	0.106925	0.0371605	0.1837	0.0920163	0.0480386	0.015171	0.0391868	0.0205542	0.0728441	0.00996791	0.00613284	0.0273799	0.127307	0.067766	0.0373325	0.0177151	0.0392595	
0.0163733	0.043152	0.000993918	0.119913	0.0105839	0.183247	0.0934015	0.000232696	0.0526596	0.0207491	0.0963251	0.00540592	0.00603473	0.0350094	0.0931503	0.113585	0.00347454	0.00454887	0.09424	0.00692073	
0.0293153	0.00475352	0.000241996	0.11581	0.0310356	0.0125238	0.0531197	0.0839702	0.0882297	0.0333633	0.0490014	0.0319369	0.0490076	0.0718684	0.0202158	0.0253393	0.0660402	0.151446	0.0295637	0.0532185	
0.0157557	0.00927214	0.0391941	0.00966599	0.0715457	0.0371342	0.24425	0.00840482	0.0017902	0.298899	0.00104266	0.0143109	0.0721786	0.0946331	0.0256765	0.0149953	0.0119354	0.0059263	0.00442988	0.0189597	
0.0249799	0.0144757	0.0865864	0.0358465	0.0416584	0.0140052	0.0966925	0.0427234	0.068523	0.120531	0.00424615	0.0727561	0.0697525	0.163983	0.00729924	0.0220277	0.0440452	0.0495832	0.00984245	0.0104431	
0.0133532	0.090514	0.0397015	0.0271284	0.0210094	0.0607895	0.0240901	0.0161645	0.0180357	0.0264439	0.104194	0.00603894	0.157083	0.161561	0.0146588	0.0219859	0.0286126	0.0398966	0.122983	0.00575633	
0.0527816	0.111807	0.0292513	0.0683466	0.000392792	0.00673839	0.0422076	0.0992647	0.0511737	0.109126	0.0154394	0.0369197	0.0624549	0.0222513	0.0126561	0.0769966	0.0400575	0.0377687	0.101351	0.0230157	
0.00451418	0.0673617	0.024207	0.000837414	0.0712821	0.0658738	0.0116754	0.14071	0.0367912	0.083142	0.0460305	0.0341142	0.0705002	0.00834349	0.0703097	0.0591349	0.0657632	0.0516803	0.0160807	0.0716484	
0.0781359	0.0201806	0.0274262	0.0228959	0.0113099	0.00348146	0.155331	0.00999524	0.0218005	0.0306513	0.0047224	0.0959788	0.0587594	0.00273331	0.0149401	0.0740138	0.0868586	0.0132452	0.169062	0.0984785	
0.0373057	0.064341	0.113061	0.0807451	0.0894812	0.0558609	0.0517991	0.0316823	0.0415033	0.000686763	0.00551154	0.014012	0.00340881	0.0202197	0.000128947	0.0341606	0.105811	0.102	0.0574247	0.0908563	
0.0478917	0.0964176	0.0335025	0.0166243	0.0259736	0.0183832	0.0170255	0.107135	0.0187104	0.00861897	0.0732832	0.0296046	0.0466251	0.0153996	0.0184178	0.0630041	0.144395	0.0240537	0.00477205	0.190162	
0.0807179	0.0625319	0.00173435	0.0416322	0.00266513	0.0494784	0.0483563	0.0798434	0.00235913	0.00553316	0.0388688	0.146964	0.0553574	0.0169128	0.212859	0.00298284	0.0102446	0.0629468	0.0164292	0.0615829	
0.000432687	0.0469432	0.0279884	0.021611	0.234066	0.0880754	0.0424834	0.0209216	0.0547186	0.0350171	0.00325511	0.0334653	0.019323	0.0909569	0.0025632	0.000445687	0.0123833	0.0733353	0.0114868	0.180529	
