CATGTRSBDP
1	2	2
1
1.8
0	0
0	0
35_noEF2/35_noEF2.phy
4
0
Universal

0
0
0
None
0
10	0
0
((Ferroplasma_acidarm:0.378907463998906,(((Arabidopsis_tha:0.139213033355445,Thalassiosira_pseudo:0.179094478835621):0.37515263310824,Acidilobus_saccharo:0.292150198627427):0.0499690240595613,(Methanosphaerula_pa:0.370656820759184,((Bacillus_subtilis:0.213720380131014,(Borrelia_burgdorferi:0.334710099816054,Chlamydia_trachomatis:0.291630347650911):0.0600176977994206):0.653364195355598,((Thermosphaera_aggre:0.0854862740064787,Desulfurococcus_kam:0.109634201349102):0.225813526149692,((((((Archaeoglobus_fulgid:0.546071575300634,Nitrosoarchaeum_kor:0.0643434241493394):0.00130614678126343,(Hyperthermus_butyli:0.344771459453953,Homo_sapiens:0.475850098078472):0.239699962284531):0.00165542347753303,Nitrosopumilus_mari:0.0730311361584351):0.188001165182576,Metallosphaera_sedu:0.332550172954834):0.00729412735778725,Ca_Nitrososphaera:0.253330125667071):0.137748394859588,((Haloarcula_marismort:0.332121334513619,Trichomonas_vaginalis:0.590269321801439):0.0834592705971626,((Ignisphaera_aggrega:0.327182193952724,(((((((Thermoproteus_uzoni:0.434485464350684,Methanoculleus_mari:0.229753683273708):0.0146019833476552,Haloferax_volcanii:0.270523844790333):0.0446949363401113,(((Fervidicoccus_fonti:0.361729171533193,Methanocaldococcus_j:0.231483813370162):0.111459598661468,Methanohalobium_eve:0.152592730971607):0.0115116648428757,Methanosarcina_aceti:0.149431120563155):0.0543314602414287):0.0992365106325569,Staphylothermus_mar:0.275641709496563):0.0135963514890493,Thermotoga_maritima:0.83025520747534):0.0158667374915608,Thermofilum_pendens:0.32655205512875):0.011858845288851,(Leishmania_infant:0.344694204780037,((Bacteroides_thetaiota:0.826594419784978,Methanocorpusculum_:0.243839277125768):0.260888499233616,Plasmodium_falcip:0.301420435600573):0.0346761600171305):0.228085818962633):0.0102705676132446):0.011463130531626,((((((((((Methanothermus_ferv:0.155107113123234,Metallosphaera_cupr:0.409369000646434):0.0173085032875646,(((Loki1:0.346141798538453,Pyrobaculum_aerophil:0.381900432026573):0.1084716486489,(Methanobacterium_AL:0.108445840597287,Methanothermobacter_:0.0706353188498124):0.102555655808596):0.00416792672850695,(Tetrahymena_ther:0.553696622902713,Halalkalicoccus_jeo:0.360895083173175):0.0694646085330573):0.00418936556538606):0.00180801358691514,Methanosphaera_stadt:0.219444151933499):0.0673452424007976,Picrophilus_torridus:0.379313707158845):0.0366253045913938,(((((Rhodopirellula_baltic:0.908747966890069,Nitrosoarchaeum_lim:0.385069882291619):0.028363918962052,Halobacterium_NRC:0.314618343273877):0.0242066299941584,Methanosaeta_thermo:0.251831147921052):0.0414597381341757,((Aeropyrum_pernix:0.280292620152743,(Sulfolobus_islandic:0.175355839768851,Synechocystis_PCC:0.862004700417943):0.0617452171407877):0.0734313558740525,Methanococcus_marip:0.321160805503006):0.0326526524737486):0.00643454409983033,(Entamoeba_histolytica:0.504078991860679,Loki3:0.299184503315721):0.144708495099156):0.00582646116388969):0.0037982540916693,((Campylobacter_jejuni:0.294742138901242,Escherichia_coli:0.253663733397685):0.671680755323301,Ferroglobus_placidu:0.227786061676836):0.0368184198154902):0.0157200155951275,Caldivirga_maquilin:0.41725163552868):0.00265239626415285,(Pyrolobus_fumarii:0.298174752393055,(Cenarchaeum_symbios:0.426012578360625,Methanocella_paludi:0.283937505677681):0.0379623609051904):0.0210428402081833):0.0071272196593234,Thermococcus_kodakar:0.280026023002379):0.0115337808427475,(Sulfolobus_tokodaii:0.221089624272546,((((((Ignicoccus_hospital:0.325506668177856,Methanotorris_igneu:0.214628904145691):0.0770807859606659,Dictyostelium_dis:0.471735864887449):0.0509131400290778,Loki2:0.354091778541418):0.0328495127745166,Thermoplasma_acidop:0.39341386695251):0.0111874631250329,Pyrococcus_furiosus:0.212978749582066):0.0723214661355278,(((Acidianus_hospitali:0.195823424669592,((Methanospirillum_hun:0.132811253912505,Methanoplanus_petro:0.109646544065369):0.219840921648583,Methanomassilii_MlumB10:0.214868690189776):0.180598802003031):0.01359392720522,Rickettsia_prowazekii:0.914785687061598):0.00914647251647764,(Sulfolobus_solfatari:0.187593009447275,Caldiarchaeum_subte:0.424746217137915):0.0271586363212031):0.00982980641489738):0.000979910042018577):0.0489790611048204):0.00295174498764144):0.0045221740832141):0.00328742552084885):0.00261700776968967):0.00645662265757692):0.00946218861178684):0.0232069973299975):0.0194638283083484):0.00149246701835675,((Aciduliprofundum_bo:0.240827014002774,(Pyrobaculum_calidif:0.140986391961165,Vulcanisaeta_distri:0.197040990871084):0.231944782596819):0.0315978979875854,Saccharomyces_cerevis:0.56660573908819):0.013920163655243,Sulfolobus_acidocald:0.303910608643504);
((Ferroplasma_acidarm:0.378907463998906,(((Arabidopsis_tha:0.139213033355445,Thalassiosira_pseudo:0.179094478835621):0.37515263310824,Acidilobus_saccharo:0.292150198627427):0.0499690240595613,(Methanosphaerula_pa:0.370656820759184,((Bacillus_subtilis:0.213720380131014,(Borrelia_burgdorferi:0.334710099816054,Chlamydia_trachomatis:0.291630347650911):0.0600176977994206):0.653364195355598,((Thermosphaera_aggre:0.0854862740064787,Desulfurococcus_kam:0.109634201349102):0.225813526149692,((((((Archaeoglobus_fulgid:0.546071575300634,Nitrosoarchaeum_kor:0.0643434241493394):0.00130614678126343,(Hyperthermus_butyli:0.344771459453953,Homo_sapiens:0.475850098078472):0.239699962284531):0.00165542347753303,Nitrosopumilus_mari:0.0730311361584351):0.188001165182576,Metallosphaera_sedu:0.332550172954834):0.00729412735778725,Ca_Nitrososphaera:0.253330125667071):0.137748394859588,((Haloarcula_marismort:0.332121334513619,Trichomonas_vaginalis:0.590269321801439):0.0834592705971626,((Ignisphaera_aggrega:0.327182193952724,(((((((Thermoproteus_uzoni:0.434485464350684,Methanoculleus_mari:0.229753683273708):0.0146019833476552,Haloferax_volcanii:0.270523844790333):0.0446949363401113,(((Fervidicoccus_fonti:0.361729171533193,Methanocaldococcus_j:0.231483813370162):0.111459598661468,Methanohalobium_eve:0.152592730971607):0.0115116648428757,Methanosarcina_aceti:0.149431120563155):0.0543314602414287):0.0992365106325569,Staphylothermus_mar:0.275641709496563):0.0135963514890493,Thermotoga_maritima:0.83025520747534):0.0158667374915608,Thermofilum_pendens:0.32655205512875):0.011858845288851,(Leishmania_infant:0.344694204780037,((Bacteroides_thetaiota:0.826594419784978,Methanocorpusculum_:0.243839277125768):0.260888499233616,Plasmodium_falcip:0.301420435600573):0.0346761600171305):0.228085818962633):0.0102705676132446):0.011463130531626,((((((((((Methanothermus_ferv:0.155107113123234,Metallosphaera_cupr:0.409369000646434):0.0173085032875646,(((Loki1:0.346141798538453,Pyrobaculum_aerophil:0.381900432026573):0.1084716486489,(Methanobacterium_AL:0.108445840597287,Methanothermobacter_:0.0706353188498124):0.102555655808596):0.00416792672850695,(Tetrahymena_ther:0.553696622902713,Halalkalicoccus_jeo:0.360895083173175):0.0694646085330573):0.00418936556538606):0.00180801358691514,Methanosphaera_stadt:0.219444151933499):0.0673452424007976,Picrophilus_torridus:0.379313707158845):0.0366253045913938,(((((Rhodopirellula_baltic:0.908747966890069,Nitrosoarchaeum_lim:0.385069882291619):0.028363918962052,Halobacterium_NRC:0.314618343273877):0.0242066299941584,Methanosaeta_thermo:0.251831147921052):0.0414597381341757,((Aeropyrum_pernix:0.280292620152743,(Sulfolobus_islandic:0.175355839768851,Synechocystis_PCC:0.862004700417943):0.0617452171407877):0.0734313558740525,Methanococcus_marip:0.321160805503006):0.0326526524737486):0.00643454409983033,(Entamoeba_histolytica:0.504078991860679,Loki3:0.299184503315721):0.144708495099156):0.00582646116388969):0.0037982540916693,((Campylobacter_jejuni:0.294742138901242,Escherichia_coli:0.253663733397685):0.671680755323301,Ferroglobus_placidu:0.227786061676836):0.0368184198154902):0.0157200155951275,Caldivirga_maquilin:0.41725163552868):0.00265239626415285,(Pyrolobus_fumarii:0.298174752393055,(Cenarchaeum_symbios:0.426012578360625,Methanocella_paludi:0.283937505677681):0.0379623609051904):0.0210428402081833):0.0071272196593234,Thermococcus_kodakar:0.280026023002379):0.0115337808427475,(Sulfolobus_tokodaii:0.221089624272546,((((((Ignicoccus_hospital:0.325506668177856,Methanotorris_igneu:0.214628904145691):0.0770807859606659,Dictyostelium_dis:0.471735864887449):0.0509131400290778,Loki2:0.354091778541418):0.0328495127745166,Thermoplasma_acidop:0.39341386695251):0.0111874631250329,Pyrococcus_furiosus:0.212978749582066):0.0723214661355278,(((Acidianus_hospitali:0.195823424669592,((Methanospirillum_hun:0.132811253912505,Methanoplanus_petro:0.109646544065369):0.219840921648583,Methanomassilii_MlumB10:0.214868690189776):0.180598802003031):0.01359392720522,Rickettsia_prowazekii:0.914785687061598):0.00914647251647764,(Sulfolobus_solfatari:0.187593009447275,Caldiarchaeum_subte:0.424746217137915):0.0271586363212031):0.00982980641489738):0.000979910042018577):0.0489790611048204):0.00295174498764144):0.0045221740832141):0.00328742552084885):0.00261700776968967):0.00645662265757692):0.00946218861178684):0.0232069973299975):0.0194638283083484):0.00149246701835675,((Aciduliprofundum_bo:0.240827014002774,(Pyrobaculum_calidif:0.140986391961165,Vulcanisaeta_distri:0.197040990871084):0.231944782596819):0.0315978979875854,Saccharomyces_cerevis:0.56660573908819):0.013920163655243,Sulfolobus_acidocald:0.303910608643504);
1
4.62252
0.758866
5000
6.9466
1.5507	0.445523	0.54681	1.12021	0.666539	1.25741	0.838143	1.6215	0.810048	1.49072	0.912475	1.00185	0.45298	0.748066	0.743174	1.46748	1.59866	1.89068	0.272999	0.665911	

1.72517	0.726593	1.32144	0.47288	1.57384	0.446015	0.235364	1.06201	0.870009	0.684522	0.993109	0.431025	1.49794	0.899544	2.82486	1.79006	0.982141	0.712751	0.898074	0.593981	0.224964	0.940625	0.776239	0.94551	0.624719	0.397629	0.521446	1.30059	0.323052	0.266926	0.268193	0.537068	0.596579	0.123566	1.0611	1.09948	1.75261	3.29262	0.0552878	0.40253	0.482721	0.0851782	1.30357	0.0680588	0.293384	1.80227	0.971425	1.03857	0.926067	2.03189	0.0226716	0.0948245	0.977751	0.989452	0.123033	0.866765	0.492458	0.190286	2.64674	0.221528	0.401876	1.07305	0.543769	1.5615	1.56151	1.79062	1.19634	0.355209	0.264496	0.912127	0.23445	0.675375	0.504724	0.376321	1.43828	1.28469	0.43129	0.402417	0.430913	0.392268	0.28017	0.810074	0.86355	0.989055	2.09634	0.594311	0.0433394	1.14757	0.241893	0.312698	0.569892	0.904311	0.572699	0.725106	2.63105	0.814393	0.162509	0.281351	0.214496	0.13076	1.45553	0.310524	0.642091	0.998346	0.665865	2.02291	1.67838	0.879016	0.221634	0.277611	1.55732	2.68498	0.104344	1.74026	1.58668	0.315897	0.440875	0.23373	0.00955266	0.266831	1.12171	3.28144	0.292563	0.755447	1.14558	0.0235009	2.51915	1.29668	1.08627	0.841293	2.15238	1.66429	0.126783	1.85279	1.77217	4.46795	0.0738211	0.472764	0.587958	1.20002	0.196308	0.143028	1.37246	0.0898475	0.743883	0.63773	0.370651	1.3331	0.297393	0.367441	1.54418	0.711757	0.407142	0.717706	0.899448	1.50743	2.26947	2.58873	0.982897	0.301344	0.716982	0.829371	0.857562	0.75257	1.04672	1.43296	0.802728	1.44173	0.746755	1.11472	1.54092	0.791654	0.301577	1.02014	0.835833	2.49695	2.30803	0.0573839	2.94042	1.93767	2.05752	0.420568	0.472794	0.190588	1.63115	0.369702	1.68285	0.0128192	0.597877	1.70738	

0.311584	0.0264624	0.00179911	0.00306448	0.031354	0.0650768	0.00463097	0.134719	0.00546079	0.0881203	0.0291252	0.00404205	0.0029937	0.00280868	0.00450797	0.0482434	0.0358983	0.185271	0.00385566	0.0109824	
0.0424038	0.00515719	0.00576425	0.0123637	0.20563	0.0181313	0.0165948	0.125936	0.0125743	0.159573	0.0390459	0.00966415	0.00801185	0.014401	0.0144581	0.024859	0.0181651	0.0691159	0.0542358	0.143915	
0.0418641	0.0408519	0.021523	0.0120362	0.0189379	0.020121	0.0127247	0.0362988	0.0243199	0.101229	0.0189412	0.0295546	0.0120583	0.0153022	0.0153996	0.187076	0.318671	0.059233	0.00315141	0.0107063	
0.0549126	0.00376502	0.0620667	0.126069	0.0177284	0.0204359	0.0174768	0.0666079	0.118245	0.0640167	0.0368419	0.0550591	0.0054282	0.0691044	0.0841394	0.0496398	0.0586453	0.0669852	0.00293387	0.0198991	
0.0353462	0.00575275	0.0340539	0.0281741	0.036061	0.0120489	0.00710386	0.218625	0.0102936	0.349873	0.026962	0.0144143	0.00655427	0.0128638	0.00706026	0.0176665	0.02339	0.136216	0.00685614	0.0106844	
0.0208999	0.00408125	0.0145832	0.0263043	0.00839798	0.011731	0.0134762	0.125739	0.25654	0.0356338	0.0190812	0.0158516	0.00568704	0.041453	0.235063	0.0207317	0.0177283	0.116458	0.00171476	0.00884444	
0.119924	0.0103778	0.0208836	0.0233826	0.0311072	0.0887361	0.0259853	0.0275974	0.155175	0.0210158	0.0342298	0.0276897	0.0245721	0.0250003	0.180503	0.0676073	0.0293871	0.0662707	0.00386375	0.0166918	
0.304357	0.0138126	0.0151239	0.0142303	0.0117773	0.0248244	0.0129065	0.0453528	0.0137363	0.030689	0.0176024	0.0209843	0.195028	0.0185087	0.0134265	0.15179	0.0399659	0.0469763	0.000349337	0.00855967	
0.0215988	0.00224305	0.114402	0.0531495	0.00794696	0.41608	0.0215287	0.0141395	0.0567393	0.0127602	0.00541073	0.134732	0.00744569	0.0259289	0.0347778	0.0348189	0.0165833	0.00877397	0.00258017	0.00836019	
0.045563	0.0154683	0.0052842	0.0016376	0.0341392	0.151587	0.00170933	0.0428612	0.000677887	0.15376	0.194726	0.0080475	0.0197654	0.0128732	0.00182046	0.184201	0.0459492	0.0683728	0.00199625	0.00956074	
0.05256	0.00170403	0.0385394	0.0849417	0.0129961	0.0177156	0.0176845	0.0645397	0.1065	0.0492318	0.0111292	0.0300525	0.22748	0.0604903	0.0907953	0.0373266	0.0382568	0.042811	0.00368114	0.0115649	
0.0829237	0.0127794	0.0303771	0.0268422	0.0726094	0.0158166	0.0664297	0.0590724	0.0196242	0.0367609	0.0127167	0.104168	0.0216446	0.0427884	0.0221114	0.0664898	0.0616042	0.137009	0.00636294	0.10187	
0.016034	0.0112555	0.195332	0.0197087	0.0131307	0.0264983	0.101725	0.0180438	0.0161934	0.077343	0.010523	0.316236	0.00878155	0.00899656	0.010041	0.0560541	0.065979	0.0198921	9.16434e-05	0.00813991	
0.0407826	0.00579832	0.0158525	0.0266864	0.0807125	0.10038	0.0217764	0.0284276	0.016511	0.0790221	0.0260445	0.0336071	0.00604285	0.0456838	0.0128446	0.122789	0.0543884	0.0426428	0.0100886	0.229918	
0.0202214	0.00588638	0.00251267	0.0172376	0.126986	0.0122521	0.126923	0.111458	0.0436936	0.0399459	0.0107519	0.0192714	0.00290811	0.0235971	0.0646703	0.0149856	0.0152657	0.169623	0.0137507	0.15806	
0.0296963	0.00806148	0.0103085	0.0955015	0.0151162	0.00923491	0.0115517	0.205592	0.0245473	0.0716398	0.0718995	0.0146836	0.00890264	0.0513133	0.0242391	0.0219951	0.0527405	0.264007	0.00110155	0.00786843	
0.0324872	0.00159738	0.173014	0.260566	0.125193	0.0259531	0.0257725	0.020813	0.0191527	0.0708537	0.00960767	0.0381318	0.011241	0.04172	0.0144524	0.0305442	0.035304	0.0341134	0.00674683	0.0227363	
0.068493	0.00224188	0.0279709	0.197022	0.00880262	0.0196036	0.0184222	0.0408732	0.0295258	0.0338744	0.0208076	0.0289861	0.00645665	0.34285	0.0135773	0.0284508	0.047086	0.0515338	0.00242901	0.0109939	
0.0384342	0.00396884	0.115807	0.102375	0.0136294	0.0338303	0.0371157	0.0631658	0.044519	0.0294476	0.00623331	0.0584462	0.0456716	0.0213273	0.0217361	0.138961	0.15218	0.0620597	0.00299601	0.00809539	
0.0521478	0.00149608	0.0735172	0.190904	0.0162474	0.04217	0.0152979	0.0238255	0.0300876	0.0321131	0.0145247	0.0326052	0.322742	0.0317708	0.0114091	0.0464644	0.0326773	0.0269428	0.00022068	0.00283667	
0.108117	0.216077	0.00330124	0.0149938	0.00392639	0.0223409	0.0076146	0.0413128	0.0209654	0.035568	0.00550137	0.0063327	0.00216456	0.00742798	0.00717711	0.0540369	0.0924792	0.328075	0.0204086	0.00217957	
0.0566952	0.016258	0.0215737	0.0127231	0.0238611	0.0185956	0.0297815	0.256327	0.0231264	0.0358386	0.333901	0.00988034	0.00280553	0.0302633	0.0141897	0.0402415	0.00809583	0.0454504	0.00246516	0.017927	
0.0955549	0.00205437	0.100749	0.160586	0.0212644	0.0585759	0.0154576	0.0805154	0.0394347	0.0982979	0.0434418	0.0536053	0.00120512	0.0335948	0.0155422	0.0546985	0.0373663	0.0412945	0.0319469	0.0148149	
0.0746815	0.0124158	0.0206321	0.0493503	0.0535636	0.010161	0.0436775	0.115523	0.0520068	0.208266	0.0648952	0.0205941	0.0129131	0.0262466	0.0349583	0.0342435	0.0316686	0.0801751	0.00259635	0.0514318	
0.151341	0.0102715	0.0441432	0.0346706	0.0150629	0.042321	0.0115005	0.0822192	0.0196897	0.030687	0.0235985	0.0436779	0.0164458	0.0133549	0.0141017	0.0469807	0.146995	0.234191	0.00656488	0.0121836	
0.0831497	0.00785349	0.0178947	0.0150857	0.0602167	0.0289843	0.0153111	0.109325	0.0271959	0.0861044	0.0299447	0.0121784	0.22711	0.0371949	0.0130525	0.0322411	0.0325918	0.132629	0.00448498	0.0274511	
0.190854	0.124489	0.00547387	0.0114781	0.0363241	0.218795	0.00112902	0.039494	0.00961192	0.0575291	0.0582589	0.0339072	0.0280589	0.00366904	0.00341157	0.0435286	0.0388922	0.0869942	0.00221018	0.00589043	
0.251375	0.0162022	0.128108	0.00740082	0.0141069	0.0705823	0.00477513	0.0609885	0.018306	0.182635	0.00633773	0.0336806	0.00213722	0.00509738	0.00310548	0.0428398	0.0917375	0.0592381	2.43168e-05	0.00132214	
0.0383133	0.00590233	0.0264728	0.0488051	0.0119142	0.0178712	0.0161549	0.144991	0.11741	0.116084	0.0294006	0.0205111	0.00744586	0.0316454	0.0823069	0.0671365	0.109551	0.0884086	0.00212856	0.0175467	
0.0319038	0.0101036	0.00109476	0.00252537	0.33154	0.0607379	0.00341351	0.158489	0.00397905	0.165619	0.0388434	0.011376	0.00313922	0.00193634	0.00442948	0.0203248	0.0149453	0.0899523	0.0055719	0.0400756	
0.40048	0.0103405	0.00791192	0.0255885	0.0813436	0.0716078	0.0197861	0.0496199	0.012806	0.0533328	0.0457579	0.0133685	0.00292786	0.0166398	0.00758269	0.0480102	0.0359015	0.056937	0.000118749	0.0399388	
0.0404587	0.00136257	0.037629	0.0193233	0.0385454	0.0167589	0.0443463	0.120226	0.0121774	0.152983	0.0213193	0.0439925	0.00738086	0.0305188	0.00734539	0.0232329	0.0468156	0.0653546	0.236102	0.0341277	
0.0666546	0.00277068	0.00246986	0.00425671	0.033545	0.0436509	0.00320398	0.108001	0.00345308	0.0686887	0.0031156	0.0435514	0.00127278	0.117527	0.00592151	0.415101	0.0163154	0.0551448	5.65114e-05	0.0052989	
0.0745531	0.00599695	0.0183853	0.00655905	0.021795	0.0974912	0.0123956	0.102812	0.00345671	0.161409	0.0397591	0.0171812	3.49137e-06	0.0215449	0.0348223	0.158658	0.0876163	0.099784	3.41521e-06	0.0357738	
0.0179327	0.00791517	0.327135	0.021979	0.0038541	0.00574884	0.020947	0.141349	0.0218922	0.0405589	0.016723	0.00981194	0.00161425	0.0170031	0.0161082	0.0172281	0.173519	0.12422	0.000340012	0.0141214	
0.0340517	0.0180911	0.0654296	0.061155	0.0141354	0.00660663	0.00383341	0.0408747	0.0384468	0.163637	0.15349	0.177248	0.00074928	0.00406261	0.0116682	0.0501093	0.104328	0.050769	1.39937e-06	0.00131356	
0.0532753	0.0429996	0.00532656	0.009671	0.0102958	0.0143381	0.0833462	0.0465395	0.0127357	0.0396963	0.0709056	0.120233	0.00919334	0.000146365	0.00626811	0.240152	0.124237	0.108609	0.000338711	0.00169272	
0.197028	0.0119443	0.00580184	0.000538055	0.0167158	0.158746	0.00765532	0.0478554	0.0287414	0.0131274	0.00668083	0.0917521	0.00165756	0.02322	0.00643418	0.074383	0.09041	0.158662	0.0397192	0.0189274	
0.0273659	0.00246669	0.0161312	0.0369043	0.0277279	0.0143272	0.0186187	0.0397188	0.28032	0.0919881	0.0546863	0.0270776	0.000722622	0.0364253	0.14474	0.0322208	0.0258237	0.0782749	0.0195037	0.0249573	
0.0330822	0.0080947	0.0177193	0.0120458	0.0210485	0.00906573	0.495577	0.0669605	0.0181223	0.0254061	0.0105985	0.0610135	0.00374811	0.042869	0.00455724	0.0230364	0.0259222	0.100524	1.59372e-05	0.020593	
0.0742937	0.0017604	0.0619758	0.15222	0.00976237	0.0386924	0.0108245	0.060776	0.182571	0.0297648	0.031206	0.0366819	0.00602127	0.0876069	0.0803177	0.0490084	0.0384813	0.0424647	0.000265829	0.00530497	
0.0421412	0.00087399	0.0800644	0.0233582	0.0223503	0.169506	0.0242224	0.0504057	0.0623146	0.0114455	0.0374842	0.111758	0.144136	0.0933559	0.0123669	0.0415815	0.0254636	0.0256685	0.0001441	0.0213591	
0.169393	0.000652644	0.016328	0.0380899	0.0713887	0.0156665	0.0713866	0.0830121	0.0426565	0.0342989	0.0483391	0.0923858	0.00352963	0.0283664	0.036047	0.170562	0.0269803	0.0191234	0.00347637	0.028317	
0.0339346	0.000137422	0.0239053	0.0200032	0.0193177	0.0214784	0.00522893	0.0598602	0.0678099	0.135758	0.0946501	0.0603571	0.000552372	0.00130563	0.0128383	0.174102	0.0239043	0.173335	0.0340792	0.0374418	
0.0780351	0.000114973	0.056237	0.0950245	0.0106857	0.0457071	0.0317677	0.105304	0.0206279	0.0905056	0.0377671	0.188253	0.0633237	0.00532378	0.00427606	0.0312709	0.0259864	0.0856313	0.00766398	0.0164944	
0.00888625	0.0249189	0.0101451	0.00802124	0.000226964	0.0104782	0.0029402	0.120601	0.0456295	0.00195144	0.0154242	0.0502799	0.00774313	0.0519684	0.0107458	0.160101	0.286671	0.183105	9.91947e-09	0.000162897	
0.139417	0.0847975	0.0210189	0.0675253	0.0175353	0.113021	0.00720019	0.0529162	0.011919	0.0875968	0.0371578	0.0395565	0.00736809	0.0148332	0.00713228	0.0540341	0.0296136	0.185098	1.80629e-05	0.0222409	
0.102599	0.00054121	0.0654368	0.0204755	0.0308967	0.0593896	0.00101767	0.0532015	0.127085	0.0264773	0.0582708	0.0280146	0.00182551	0.0508054	0.0362958	0.177599	0.0482084	0.110504	0.000475994	0.00087983	
0.26027	0.0393639	0.00629222	0.0659102	0.00111867	0.0439271	0.00523273	0.0213119	0.00724696	0.101382	0.0114651	0.288031	0.0027896	0.000620271	0.00206799	0.0948577	0.00625449	0.0227325	0.00736713	0.0117581	
0.0287807	3.92239e-05	0.0383963	0.0813545	0.000832047	0.0175973	0.00369579	0.0333272	0.308012	0.0102557	0.0149497	0.0673376	0.00493927	0.0723048	0.038005	0.104825	0.0374664	0.125241	0.00276842	0.00987216	
0.115736	0.0533233	0.135438	0.044984	0.037944	0.0481435	0.0339994	0.0361326	0.0111515	0.0911491	0.0611385	0.00991213	0.00449915	0.0441502	0.00534408	0.101723	0.132128	0.0173362	0.000781723	0.0149855	
0.0423582	0.0191242	0.210741	0.0369407	0.00292164	0.137944	0.064462	0.0300283	0.0317023	0.0273118	0.0231213	0.0548755	0.00076485	0.0365847	0.014817	0.180948	0.0208706	0.0641807	8.38369e-05	0.000219342	
0.0861887	0.0784056	0.03452	0.0558378	0.00876193	0.0874125	0.0456649	0.117296	0.00352806	0.0725088	0.0108393	0.0175931	0.00391804	0.0321775	0.0249818	0.0678293	0.0492164	0.125737	0.0329731	0.0446101	
0.0360738	0.119908	0.00530297	0.0644893	0.0127452	0.0203334	0.0235323	0.334551	0.0248828	0.0207038	0.0159845	0.00276123	0.0222718	0.00577885	0.0140481	0.106508	0.0244383	0.135628	3.3378e-05	0.0100257	
0.131935	0.00704059	0.0243047	0.0366175	0.0758999	0.0197452	0.0650717	0.080569	0.10028	0.0581747	0.00111673	0.0088316	0.112227	0.0185601	0.00575468	0.0387797	0.051152	0.127771	0.00767596	0.0284923	
0.0213542	0.000222172	0.000973022	0.0143557	0.185921	0.0342873	0.0251243	0.0364511	0.02939	0.0914278	0.0323651	0.0967849	0.0158125	0.00241802	0.0356886	0.152182	0.143665	0.064126	0.000134044	0.0173172	
0.047387	0.0509713	0.111505	0.0311452	0.000268047	0.0420416	0.00822072	0.0457246	0.0248819	0.0879742	0.0158636	0.106023	5.50642e-05	0.0483885	0.0427162	0.0611364	0.0408411	0.168061	0.0565476	0.0102487	
0.0475798	0.0729966	0.00623212	0.20064	0.00601955	0.015233	0.00821754	0.126692	0.00185673	0.0451349	0.0102226	0.03641	0.0248191	0.00558684	0.0401535	0.0146426	0.247456	0.0862823	5.97555e-08	0.00382487	
0.0555715	0.0243065	0.0126648	0.0718931	0.0129977	0.020712	0.053273	0.096599	0.10122	0.150104	0.143273	0.0219292	0.00632325	0.00352872	0.0398344	0.0512086	0.101539	0.0328465	6.79731e-05	0.000108485	
0.127234	0.0117058	0.00237738	0.0313892	0.00174313	0.0300507	0.0669084	0.175203	0.0713385	0.0399814	0.0107913	0.00890582	0.00243465	0.0141859	0.0109915	0.112049	0.186196	0.0800805	2.58499e-05	0.0164086	
0.0932814	0.00702371	0.00225673	0.00412036	0.00123423	0.0940914	0.000263792	0.0326152	0.0909841	0.100487	0.0450894	0.0107776	0.0454433	0.0342238	0.0248224	0.134668	0.172459	0.103619	2.40114e-06	0.00253786	
0.0961509	0.0164074	0.003955	0.0144103	0.00518724	0.0170919	0.050606	0.0581451	0.025483	0.0460609	0.0854629	0.0103463	7.11053e-05	0.152899	0.00833146	0.0536294	0.147016	0.178518	0.0222712	0.00795707	
0.254887	0.000240668	0.0296189	0.0339107	0.0489353	0.141993	0.0278067	0.0813727	0.0169555	0.0143106	0.0221249	0.0254394	0.00274444	0.0011988	0.106033	0.0831508	0.0813559	0.0278903	6.08568e-07	3.09742e-05	
0.0804852	7.57765e-05	0.0315686	0.0144111	0.00722484	0.00334741	0.116146	0.100559	0.119275	0.0714762	0.0563043	0.0447391	0.000676117	0.00643712	0.0345023	0.0206612	0.0789398	0.21124	0.00190263	2.90097e-05	
0.104289	9.63799e-06	0.00558185	0.0885367	0.00735916	0.0429577	0.0277637	0.16492	0.173401	0.0137158	0.158492	0.0261667	0.000221375	0.00553622	0.0106094	0.0598358	0.00793308	0.0984009	3.84368e-06	0.00426551	
0.0133604	0.00447832	0.000498559	0.0212946	0.0413151	0.0394365	0.011973	0.0863218	0.000361593	0.0363863	0.0630044	0.0247225	0.189434	0.10437	0.0282187	0.0860898	0.0727677	0.13054	0.00172555	0.0437018	
0.0299186	0.00578033	0.0709182	0.0615617	0.000457829	0.0148414	0.0167832	0.174842	0.0946963	0.133148	0.0268726	0.0388948	0.00583711	0.000273532	0.0575675	0.0312965	0.0470041	0.0943304	0.00836145	0.086615	
0.0239455	0.114196	0.0393884	0.0976531	8.04038e-05	0.125254	0.0320553	0.0407547	0.00936306	0.0321052	0.0398978	0.0251962	0.00675524	0.0330323	0.0309869	0.181903	0.0231167	0.0864838	0.0552103	0.00262201	
0.00205757	0.113835	0.000232559	0.0457977	0.00134304	0.0842133	0.0981406	0.05291	0.0713561	0.0523492	0.0550895	0.0229244	0.00203622	0.0235302	0.0225223	0.0259263	0.182624	0.123116	0.01636	0.00363532	
0.0490256	0.00400701	0.0348195	0.0181752	0.000279311	0.109882	0.0159678	0.14545	0.0597931	0.122958	0.00194814	0.0257114	0.00122831	0.0167776	0.0041039	0.0265884	0.0999956	0.171044	0.0603603	0.0318844	
0.118847	0.00416773	0.000601121	0.0437277	0.0257017	0.174351	0.0559252	0.0724761	0.062662	0.0730506	0.0277512	0.0248053	0.0144775	0.0229146	0.0054407	0.0256938	0.166174	0.03254	0.00100686	0.0476859	
0.0455606	0.00103102	0.00187167	0.0407164	0.0496548	0.052742	0.0755112	0.00815258	0.0895173	0.0782182	0.082497	0.0744949	0.00539528	0.0590548	0.0324954	0.0366978	0.0663915	0.177181	5.17166e-07	0.0228164	
0.168231	0.0343037	0.00556533	0.0209214	0.0197638	0.0555568	0.0101291	0.126268	0.0714283	0.10768	0.0564072	0.0150768	0.004704	0.000624242	0.0165905	0.0543938	0.0740203	0.141262	0.0167022	0.000371561	
0.106964	6.59757e-07	0.0057216	0.0403456	0.0245692	0.0546454	0.0411155	0.0923545	0.0112101	0.0375517	0.0517181	0.09832	0.00125205	0.0700449	0.000404749	0.0212243	0.2127	0.0809668	0.000530372	0.0483603	
0.0486923	0.0320367	0.0549277	0.105813	0.00311388	0.0886752	0.0698766	0.0556769	0.0450268	0.141822	0.0138478	0.0856784	0.0396317	0.0327029	0.0209018	0.0154594	0.0553904	0.0377808	0.0488118	0.00413347	
0.0786903	0.00382806	0.0302284	0.0639315	0.0169138	0.0885848	0.000884878	0.0938948	0.017094	0.148733	0.0708463	0.0257861	0.112495	0.0246739	0.00546683	0.0550352	0.0819989	0.0283559	0.000375576	0.0521832	
0.069058	0.0562761	0.00375251	0.0132597	0.00596777	0.046285	0.0135256	0.239429	0.0361651	0.192313	0.0493142	0.0245759	0.011402	0.0184125	0.0323319	0.0133238	0.0473438	0.123621	4.64297e-05	0.00359627	
0.107499	0.000910516	0.0205544	0.022357	0.073127	0.0275511	0.0010187	0.00945959	0.041034	0.0203594	0.0821933	0.0340755	0.00399466	0.0177033	0.0683951	0.00649932	0.0406164	0.142219	0.0617746	0.218659	
0.0570457	0.0576893	0.159484	0.0244489	0.118723	0.0395187	0.168343	0.0150254	0.0416485	0.114297	0.0273223	0.0101756	0.00659601	0.0034359	0.000326051	0.014184	0.0477235	0.066135	0.000157371	0.0277217	
0.0266057	0.0287882	0.00362174	0.0133422	0.00521484	0.0722548	0.0142739	0.151556	0.141808	0.0505531	0.00475684	0.00352379	0.001746	0.0310092	0.00123271	0.0925175	0.111099	0.113381	0.000917793	0.131798	
0.100575	0.00273646	0.0452432	0.0348967	0.0220107	0.00532327	0.00693988	0.117414	0.172189	0.00544411	0.00604956	0.0235079	0.0202683	0.0791722	0.0555835	0.115291	0.02178	0.136009	3.38367e-05	0.0295327	
0.0595448	0.000108659	0.0563605	0.0499207	0.0106066	0.0387176	0.0258948	0.0979581	0.00180906	0.0197494	0.0294519	0.0223541	0.0224708	0.0839705	0.0964228	0.208976	0.0282241	0.123802	4.72214e-08	0.0236579	
0.054004	0.147032	0.0625237	0.139465	0.00415448	0.0576372	0.00833828	0.0292713	0.0865071	0.0104375	0.0694883	0.0116703	0.0062862	0.0082812	0.0735826	0.0189798	0.122146	0.0664648	0.0221223	0.00160761	
0.142281	0.00245329	0.0269289	0.016908	0.0174096	0.0935219	0.0205642	0.0104623	0.0356608	0.018385	0.0210276	0.0881018	0.0188202	0.0766714	0.0434612	0.0350479	0.211839	0.111173	5.23493e-06	0.00927681	
0.0918928	0.0664574	0.00371177	0.0484324	0.0987253	0.0217259	0.000556378	0.174512	0.0135408	0.0950244	0.02331	0.0411496	0.0298409	0.0944096	0.0879974	0.00764997	0.0599599	0.0123628	0.0255849	0.00315551	
0.0114916	0.000109388	0.0114275	0.0561913	0.0220566	0.041349	0.00827542	0.169866	0.0168251	0.0296089	0.0960637	0.0363625	0.0382926	0.131907	0.0381453	0.0859611	0.159233	0.00418309	0.000592997	0.0420583	
0.0972178	0.061041	0.0645097	0.00122354	0.000632598	0.0313735	0.00651582	0.145238	0.0194371	0.0690307	0.0635752	0.0541164	1.8707e-05	0.0150092	0.0229273	0.120725	0.123878	0.0668697	0.0159889	0.0206714	
0.0410819	0.00354228	0.00575685	0.057436	0.0453686	0.0345171	0.152039	0.0340596	0.0198186	0.147745	0.0434977	0.0325351	0.0679659	0.103118	0.0150591	0.0361874	0.063886	0.0713519	0.0248596	0.000174574	
0.0205107	0.000253378	0.0419855	0.0416064	0.0281296	0.0652725	0.000401934	0.0816137	0.0147453	0.183522	0.00968661	0.043016	0.0934874	0.0840809	0.0301118	0.0263355	0.0985516	0.106653	7.87758e-06	0.0300283	
0.00137861	0.00874493	0.00488457	0.0423973	0.155672	0.0535721	0.0192376	0.0277321	0.00268568	0.122889	0.000723569	0.018348	0.0337914	0.00063413	0.000714296	0.133673	0.179749	0.114329	2.88139e-05	0.0788145	
0.107607	0.122909	0.00913202	0.0718889	0.0101076	0.166645	0.0655927	0.0348176	0.00210736	0.0867071	0.00363285	0.0274219	0.00259405	0.00446856	0.0399723	0.0518951	0.127878	0.0216419	0.0307226	0.0122588	
0.0164251	0.00238858	0.064504	0.0653405	0.00242122	0.0409487	0.0585985	0.0525444	0.0670618	0.073915	0.130586	0.084598	0.00332261	0.0569474	0.136591	0.0401565	0.0122163	0.0815201	0.00471705	0.00519686	
0.0809963	0.00994475	0.0134238	0.0432875	0.014662	0.0757704	0.0538943	0.10947	0.0317127	0.0926912	0.0220278	0.00160626	0.000438877	0.0406467	0.0337738	0.227315	0.0434987	0.0462313	0.0569347	0.00167428	
0.137178	0.00631939	0.0159281	0.126501	0.072797	0.0223698	0.00538799	0.212746	0.00517888	0.0082042	0.0430392	0.0184744	0.000135425	0.00602344	0.0326927	0.0958483	0.0280014	0.0685436	2.07997e-14	0.0946305	
0.0431034	0.00063363	0.00845814	0.112979	0.00813762	0.0250425	0.051439	0.107644	0.0164246	0.133558	0.015155	0.0183148	0.00932095	0.131563	0.0682867	0.0199858	0.180268	0.0321105	0.000267665	0.0173068	
0.00455845	0.0338617	0.0185079	0.0208971	0.0382853	0.0485352	0.00777918	0.0916508	0.153585	0.00433204	0.00824301	0.0194137	0.0626597	0.0601266	0.0285396	0.066945	0.136176	0.110971	0.000560808	0.0843711	
0.0442509	0.0613537	0.0196853	0.0582907	0.0180939	0.00169792	0.054232	0.0894594	0.0667664	0.0485009	0.0818858	0.0126121	1.3994e-06	0.0197689	0.0526045	0.0254707	0.0691385	0.103176	0.0899904	0.0830206	
0.0578344	0.00699563	0.000720662	0.00748221	0.00158548	0.0981895	0.0859158	0.199658	0.0113017	0.145906	0.136702	0.00505459	0.0253612	0.00480652	0.00928646	0.100003	0.015807	0.0562385	0.00872764	0.0224244	
0.0442459	0.00542488	0.0203889	0.0831066	0.0207974	0.0158286	0.0195261	0.118803	0.0185375	0.118403	0.0675286	0.0412373	0.0191787	0.099648	0.00903226	0.039869	0.00501289	0.20439	0.0477494	0.00129145	
0.0739526	0.0105107	0.057605	0.0383413	0.021962	0.12534	0.00549628	0.0468992	0.0213705	0.248808	0.0527351	0.0489488	0.0113759	0.00188574	0.0275918	0.0491931	0.0777922	0.0793255	0.000126319	0.000740152	
0.205795	4.26973e-05	0.0619779	0.00185295	0.0113302	0.0283704	0.0232605	0.0290314	0.100905	0.0464213	0.00338216	0.0292563	0.00116755	2.82996e-05	0.0399301	0.171865	0.0727207	0.159944	0.0122224	0.0004963	
0.0147753	0.0509029	0.0188439	0.000544853	0.00459064	0.0673252	0.0183299	0.133028	0.0733491	0.0883012	0.00630425	0.0317066	0.00984072	0.0156764	0.108794	0.0408289	0.032817	0.0361558	0.0289942	0.218891	
0.0417815	0.00572082	0.00131948	0.0150768	0.0531937	0.102528	0.00849775	0.423029	0.00176701	0.0206356	0.00546436	0.0790402	0.0082713	0.0022405	0.0544216	0.104794	0.0213742	0.0357128	0.000989465	0.0141423	
0.0118	0.00623756	0.055144	0.00551095	0.00523113	0.0735992	0.0692742	0.140983	0.0153086	0.0206143	0.110513	0.0120047	0.000282155	0.0694486	0.0392346	0.0123803	0.0455293	0.203511	0.0551506	0.0482431	
0.0290048	0.0031691	0.00991476	0.00937881	0.0827523	0.0146732	0.138156	0.0489744	0.0196798	0.0202666	0.0527598	0.0166344	0.0103048	0.0060044	0.116568	0.102406	0.0467604	0.228567	3.58866e-06	0.0440217	
0.10071	0.0288322	0.00293475	0.0482153	0.0225625	0.00187197	0.0392034	0.221538	0.00799669	0.247176	0.0271644	0.0265084	0.0430054	0.0332426	0.0033646	0.0123243	0.0781625	0.0551498	8.41841e-08	3.68028e-05	
0.164298	0.0238478	0.0177948	0.0183727	0.00148011	0.0603109	0.0149586	0.0421703	0.00645241	0.0192444	0.0476984	0.105762	0.0199512	0.0790146	0.0305965	0.0549282	0.0948448	0.152182	0.00359094	0.0425007	
0.0439522	0.0124151	0.00864009	0.0195016	0.0559117	0.0216286	0.10665	0.0617653	0.0367758	0.16355	0.0473628	0.022045	0.0243871	0.0787138	0.0722462	0.0292409	0.0599982	0.117489	0.0166507	0.00107641	
0.0621904	0.0181174	0.0181279	0.000296972	0.0753714	0.128791	0.058536	0.0769017	0.0187469	0.0679108	0.0396316	0.142782	0.00254078	0.0487277	0.0168719	0.0208201	0.0318646	0.161358	0.00122724	0.00918584	
0.130504	0.0793932	0.00878806	0.0153256	0.00149037	0.00407171	0.00932034	0.0921425	0.0384227	0.0755484	0.0127408	0.0650491	0.167988	0.00227228	0.00719991	0.0270043	0.0923772	0.119596	1.23636e-08	0.0507648	
0.0656454	0.026465	0.0904733	0.0333173	0.163818	0.0629151	0.00904621	0.100718	0.0255842	0.0139335	0.106112	0.0163447	0.000451636	1.16759e-05	0.0444122	0.0673818	0.0728413	0.0225992	0.0218005	0.056129	
0.0816026	0.0462258	0.00439301	0.0202538	0.0213664	0.0507253	0.0745038	0.13529	0.0211991	0.0947321	0.113449	0.0346178	0.00818583	0.000129247	0.128071	0.0571451	0.0554915	0.00821069	0.0394358	0.00497272	
0.115868	0.0787486	0.0273797	0.0284586	0.0281878	0.125871	0.00636876	0.17268	0.000884447	0.0552946	0.0208031	0.0189048	0.00357835	0.151436	0.000151593	0.0508453	0.0536698	0.0566789	0.00399551	0.000195023	
0.108966	0.00999247	0.00791591	0.0272568	0.00735452	0.068583	0.0180995	0.100254	0.00239033	0.0443416	0.0254082	0.0944253	0.000227393	0.0197237	0.234165	0.0532151	0.0763193	0.0448179	0.0154109	0.0411326	
0.124666	0.012937	0.00661604	0.0452856	0.00358007	0.00914126	0.120362	0.0860847	0.0205156	0.0299973	0.0117736	0.0319623	0.00057664	0.0228966	0.133033	0.0341215	0.0779437	0.158841	0.022066	0.0476001	
0.0912214	0.00622929	0.00373538	0.0192886	0.055564	0.0669585	0.0786325	0.0173798	0.0380432	0.0115705	0.0282436	0.280756	0.00657674	0.0781192	0.058368	0.0169962	0.013569	0.109725	0.000261284	0.0187618	
0.0315143	0.0223336	0.0385668	0.0746547	0.0150093	0.0304714	0.0094786	0.245383	0.00947895	0.192207	0.00166876	0.00220572	0.00177449	0.0582761	0.0142631	0.0337578	0.0143043	0.18299	0.00649562	0.0151669	
0.0339639	0.0743594	0.0207039	0.0424663	0.0570677	0.101005	0.0132356	0.0299801	0.0119456	0.0450525	0.0932081	0.000196396	0.00718782	0.0366714	0.214088	0.0419267	0.0733101	0.0688218	0.0317595	0.00305058	
0.0934772	0.0188197	0.0126382	0.0785555	0.0885454	0.033483	0.00275735	0.0986891	0.0102619	0.0492857	0.0785311	0.0135571	0.0769613	0.0063535	0.0121035	0.0725287	0.0817839	0.157916	0.000556916	0.0131951	
0.0660451	0.0280074	0.0335561	0.013175	0.142231	0.00313644	0.0124351	0.0854199	0.00768478	0.0822714	0.0713074	0.00929621	0.00188324	0.144656	0.00606855	0.0523676	0.0156127	0.0518066	0.167384	0.00565602	
0.0782243	0.0152062	0.00011467	0.0483277	0.00575237	0.0977805	0.022076	0.124549	0.00569304	0.165667	0.029016	0.0128203	0.00390979	0.00644593	0.00250801	0.0586588	0.0743157	0.136626	0.0453249	0.0669842	
0.0626029	0.0346373	0.0341627	0.0197812	0.0232498	0.000837422	0.130284	0.106815	0.0063969	0.125789	0.0651724	0.0269611	0.00210753	0.00918442	0.140006	0.0292059	0.0735073	0.0878197	0.0108005	0.0106785	
0.0812575	5.68099e-05	0.0510178	0.00127586	0.0519309	0.0239251	0.121407	0.0787909	0.0406108	0.101265	0.00191289	0.0815056	4.02997e-05	0.00902151	0.0455485	0.0528979	0.204697	0.0517436	0.000355874	0.000739864	
0.0938668	0.0693879	7.89991e-05	0.0147122	0.0467508	0.0126741	0.0208311	0.0307966	0.0439339	0.0811806	0.108645	0.0864624	0.0296069	0.00507403	0.0449858	0.0847262	0.103288	0.0707586	0.0062279	0.0460117	
0.0668665	0.000508566	0.0272419	0.0200887	0.0110296	0.0317043	0.100615	0.133158	0.0306844	0.196536	0.0741096	0.05701	0.0312994	0.00607992	0.0382483	0.0115152	0.0887441	0.0709914	4.9542e-05	0.00351899	
0.109445	0.000264182	0.12363	0.0609967	0.038502	0.0271711	0.0244398	0.0841722	0.00601513	0.106586	0.022563	0.148526	0.000567389	0.000456171	0.0316738	0.0457458	0.0304997	0.0624874	0.0745564	0.00170259	
0.0786502	0.0601145	0.0313267	0.00317396	0.000221219	0.0153222	0.0472255	0.0506745	0.00288407	0.10492	0.0852017	0.0685356	0.188045	0.0223935	0.00660347	0.0143147	0.0399728	0.0545509	0.0364424	0.0894275	
0.231518	0.152266	0.0024059	0.00433018	0.0209308	0.0548194	0.0042248	0.00653025	0.025323	0.0226193	0.170637	0.000259122	0.0608125	0.00130409	0.000636136	0.126617	0.021654	0.0288686	0.000154372	0.0640897	
0.00433121	0.0264202	0.00875091	0.013013	0.0294606	0.0591718	0.000880157	0.143557	0.239378	0.129988	0.0207421	0.118845	0.0160709	0.0367523	0.00519568	0.0237455	0.0203763	0.0666094	0.0303258	0.00638571	
0.118749	0.0103692	0.0621827	0.132111	0.00922081	0.0165168	0.035112	0.210612	0.0192294	0.0204247	0.0258139	0.0290135	0.000966507	0.000941802	0.00443099	0.0898996	0.0338507	0.116864	0.0197635	0.0439276	
0.00787623	2.25876e-05	0.0280645	0.170496	0.0388625	0.146746	0.0165733	0.0422272	0.262382	0.0357296	0.0149251	0.000423069	0.00798545	0.017658	0.0189897	0.0505178	0.0566109	0.0507778	0.00522574	0.0279068	
0.0328646	0.0613919	0.0474059	0.0130145	0.00808454	0.0667815	0.104337	0.191551	0.0185321	0.129421	0.0108851	0.00874091	0.0279744	0.0665895	0.0720237	0.0926305	0.0199393	0.0219038	0.00271351	0.00321529	
0.0724042	0.0430568	0.000159274	0.0126839	0.0688469	0.165881	0.0034871	0.0324023	0.0242992	0.0826824	0.0641931	0.10316	0.0559151	0.150738	0.0139664	0.0106002	0.0367955	0.0332354	0.000176574	0.0253163	
0.0698836	0.00210828	0.0717822	0.0896007	0.00197549	0.135428	0.0208673	0.0826471	0.0270602	0.0338998	0.0389022	0.0433509	0.00198871	0.133277	0.0634998	0.152155	0.00799349	0.0125771	0.00421877	0.00678389	
0.0386781	2.81846e-05	0.00134402	0.0138975	0.0154777	0.0236337	0.0955522	0.142478	0.0407953	0.0402138	0.0015047	0.0163056	0.0432411	0.0081249	0.0220801	0.0470822	0.292972	0.133971	0.00404731	0.0185725	
0.0162637	0.0609279	0.00736058	0.258002	0.0464704	0.0745991	0.0728039	0.0396585	0.0124305	0.0204262	0.0202941	0.0189264	0.000312246	0.0530855	0.0454772	0.0398674	0.144386	0.0099921	7.45306e-05	0.058642	
0.0148059	0.00655881	0.00112051	0.163249	0.000543844	0.150422	0.00133301	0.0425846	0.120789	0.0561569	0.00707621	0.00018311	0.0665335	0.0909714	0.0445861	0.0666018	0.00586859	0.121209	0.0308108	0.00859662	
0.280044	0.000943966	0.0137339	0.0203242	0.033829	0.144881	0.000141718	0.044689	0.00946364	0.0377444	0.0250821	0.00545582	0.00370007	0.0455449	0.00126957	0.0811718	0.0699712	0.095421	2.86086e-05	0.0865603	
0.0665372	0.00063769	0.016985	0.0884981	0.0470318	0.056263	0.0134108	0.0691769	0.00700452	0.151408	0.0822228	0.0298697	0.0316533	0.0162466	0.000251052	0.0489131	0.0658171	0.079737	2.00022e-08	0.128337	
0.112823	0.00230785	0.00457279	0.0795226	0.0193934	0.00885109	0.0200233	0.0746546	0.107688	0.0604958	0.00967412	0.0240888	0.0516601	0.0558051	0.0192099	0.0315847	0.191718	0.0799923	0.00598912	0.0399456	
0.035195	0.00746059	0.0181857	0.00724868	0.00394565	0.0591427	0.0253381	0.0160284	0.16219	0.100163	0.0295429	0.0630874	0.0109276	0.0944825	0.0873951	0.140034	0.0639304	0.0624228	0.00986933	0.00340976	
0.184476	0.00506205	0.00853023	0.135241	0.0158213	0.0793315	0.0392726	0.121733	0.00935062	0.0294628	0.042255	0.0109714	0.00921014	0.00324956	0.0221596	0.0154965	0.110451	0.134475	0.0143659	0.0090847	
