CATGTRSBDP
1	2	2
1
1.8
0	0
0	0
35_noEF2/35_noEF2.phy
4
0
Universal

0
0
0
None
0
10	0
0
((((Tetrahymena_ther:0.531704110031316,Aeropyrum_pernix:0.207484213803759):0.0337824085092755,Thermosphaera_aggre:0.234072493388706):0.0533545137436436,((Trichomonas_vaginalis:0.49286279338499,(Methanohalobium_eve:0.0761342134021574,Methanosarcina_aceti:0.110613862376995):0.153513754557815):0.0773286633123004,(((((Loki3:0.343440709264847,Methanothermus_ferv:0.18726664256309):0.0751734929005582,((((Sulfolobus_islandic:0.246302590586311,((Methanosphaera_stadt:0.237191860547737,Loki1:0.323847815772842):0.0468628369008045,(Nitrosopumilus_mari:0.0682657160696613,Cenarchaeum_symbios:0.0886829099312259):0.325500983556019):0.0418177898755169):0.0456519103313523,Methanoplanus_petro:0.297156741345213):0.00428316636209116,((Halalkalicoccus_jeo:0.0719052457169266,Halobacterium_NRC:0.0735329498242798):0.238906926454982,Entamoeba_histolytica:0.513979024580362):0.0721959397991836):0.012490572238447,((Pyrococcus_furiosus:0.0429800441165921,((Pyrobaculum_aerophil:0.282729275540443,Haloarcula_marismort:0.402605658985674):0.193526643860865,Thermococcus_kodakar:0.045704398423993):0.00722761118356347):0.174215301992791,Fervidicoccus_fonti:0.26794162104467):0.0494191228205114):0.00369276862980024):0.00217100936313091,(Ignicoccus_hospital:0.285071267101748,((((((Escherichia_coli:0.223389246715724,Synechocystis_PCC:0.272067827296392):0.633570480831815,Methanotorris_igneu:0.131330648338446):0.0202041817851801,((Acidianus_hospitali:0.0785921626548185,(Sulfolobus_tokodaii:0.0518954005483814,Sulfolobus_acidocald:0.0752525554051467):0.0440513944911978):0.233133105317959,Methanococcus_marip:0.200406541838485):0.00172343239158498):0.0551168416484438,Metallosphaera_cupr:0.271066275125626):0.0220413597502154,Loki2:0.400875491362707):0.0354830431877289,Methanosaeta_thermo:0.246139079166552):0.00841307639885377):0.0109355265672776):0.00706375541350828,Methanocella_paludi:0.253842254935832):0.00698598766583075,((((Methanospirillum_hun:0.14955903235786,(((((Rhodopirellula_baltic:0.786770743086431,Caldivirga_maquilin:0.307647699197352):0.13467613489884,(Methanoculleus_mari:0.168194752190114,(Thermoproteus_uzoni:0.315284423600569,(Sulfolobus_solfatari:0.260738676414691,Homo_sapiens:0.411972580097993):0.0818939118424436):0.0864026296796591):0.00442583150728121):0.0088481244758723,Methanothermobacter_:0.290877431856201):0.00660333649451028,Arabidopsis_tha:0.526959443296766):0.0385964298331797,Methanosphaerula_pa:0.134768828345241):0.00449305700792621):0.0317217301224628,(Vulcanisaeta_distri:0.316202853310366,Ca_Nitrososphaera:0.316232472941685):0.116237550494617):0.00512100429686916,Methanocorpusculum_:0.174343741030004):0.11171874346219,(((((((((Metallosphaera_sedu:0.237569257126214,Thermotoga_maritima:0.586404623511493):0.0203676361230634,Chlamydia_trachomatis:0.644570308576329):0.133647212675136,Pyrobaculum_calidif:0.298667188943717):0.0327578146600571,(Hyperthermus_butyli:0.187195817711728,Haloferax_volcanii:0.390819391729555):0.0364049983070031):0.00164888478156871,Thermofilum_pendens:0.28014295144444):0.0121194549176248,(Caldiarchaeum_subte:0.289346211257292,(Rickettsia_prowazekii:0.75976486483385,Dictyostelium_dis:0.424992592874784):0.0773718666406739):0.090550629658423):0.0133531628045778,Desulfurococcus_kam:0.250122973751703):0.0428656729234064,(((((((((Leishmania_infant:0.371618140155785,Thalassiosira_pseudo:0.330986589614202):0.158314298830712,(((((Borrelia_burgdorferi:0.807333428781031,Staphylothermus_mar:0.219493145246107):0.0482905016970395,Nitrosoarchaeum_lim:0.318737556788283):0.067272272725537,Thermoplasma_acidop:0.274666159021092):0.023295619768678,Ignisphaera_aggrega:0.313032773789858):0.0164184726385483,Methanobacterium_AL:0.271496366059743):0.0226634803433143):0.0174758364264378,Ferroglobus_placidu:0.232207752497505):0.00878057140833808,Nitrosoarchaeum_kor:0.415335283864197):0.0146497836359555,Methanocaldococcus_j:0.245791725005332):0.036182989718867,(Bacillus_subtilis:0.728969933671477,Picrophilus_torridus:0.198280364203419):0.058884868624295):0.0031369539098609,Ferroplasma_acidarm:0.253272580299052):0.0209737067672945,Saccharomyces_cerevis:0.50821383090027):0.0274712735759254,Methanomassilii_MlumB10:0.232473486883381):0.0704267974939613):0.00369930931832187,(Pyrolobus_fumarii:0.219142340099328,(Campylobacter_jejuni:0.241334490351324,Bacteroides_thetaiota:0.327613164038497):0.556111671623789):0.0702548974878846):0.0156763178206162):0.00344980939012932):0.00212527534297324):0.0415487751189371):0.0108074082971104,(Archaeoglobus_fulgid:0.220656742199457,(Plasmodium_falcip:0.502741563586082,Aciduliprofundum_bo:0.215326614847945):0.0184500794832221):0.0720264985938675,Acidilobus_saccharo:0.264037415767493);
((((Tetrahymena_ther:0.531704110031316,Aeropyrum_pernix:0.207484213803759):0.0337824085092755,Thermosphaera_aggre:0.234072493388706):0.0533545137436436,((Trichomonas_vaginalis:0.49286279338499,(Methanohalobium_eve:0.0761342134021574,Methanosarcina_aceti:0.110613862376995):0.153513754557815):0.0773286633123004,(((((Loki3:0.343440709264847,Methanothermus_ferv:0.18726664256309):0.0751734929005582,((((Sulfolobus_islandic:0.246302590586311,((Methanosphaera_stadt:0.237191860547737,Loki1:0.323847815772842):0.0468628369008045,(Nitrosopumilus_mari:0.0682657160696613,Cenarchaeum_symbios:0.0886829099312259):0.325500983556019):0.0418177898755169):0.0456519103313523,Methanoplanus_petro:0.297156741345213):0.00428316636209116,((Halalkalicoccus_jeo:0.0719052457169266,Halobacterium_NRC:0.0735329498242798):0.238906926454982,Entamoeba_histolytica:0.513979024580362):0.0721959397991836):0.012490572238447,((Pyrococcus_furiosus:0.0429800441165921,((Pyrobaculum_aerophil:0.282729275540443,Haloarcula_marismort:0.402605658985674):0.193526643860865,Thermococcus_kodakar:0.045704398423993):0.00722761118356347):0.174215301992791,Fervidicoccus_fonti:0.26794162104467):0.0494191228205114):0.00369276862980024):0.00217100936313091,(Ignicoccus_hospital:0.285071267101748,((((((Escherichia_coli:0.223389246715724,Synechocystis_PCC:0.272067827296392):0.633570480831815,Methanotorris_igneu:0.131330648338446):0.0202041817851801,((Acidianus_hospitali:0.0785921626548185,(Sulfolobus_tokodaii:0.0518954005483814,Sulfolobus_acidocald:0.0752525554051467):0.0440513944911978):0.233133105317959,Methanococcus_marip:0.200406541838485):0.00172343239158498):0.0551168416484438,Metallosphaera_cupr:0.271066275125626):0.0220413597502154,Loki2:0.400875491362707):0.0354830431877289,Methanosaeta_thermo:0.246139079166552):0.00841307639885377):0.0109355265672776):0.00706375541350828,Methanocella_paludi:0.253842254935832):0.00698598766583075,((((Methanospirillum_hun:0.14955903235786,(((((Rhodopirellula_baltic:0.786770743086431,Caldivirga_maquilin:0.307647699197352):0.13467613489884,(Methanoculleus_mari:0.168194752190114,(Thermoproteus_uzoni:0.315284423600569,(Sulfolobus_solfatari:0.260738676414691,Homo_sapiens:0.411972580097993):0.0818939118424436):0.0864026296796591):0.00442583150728121):0.0088481244758723,Methanothermobacter_:0.290877431856201):0.00660333649451028,Arabidopsis_tha:0.526959443296766):0.0385964298331797,Methanosphaerula_pa:0.134768828345241):0.00449305700792621):0.0317217301224628,(Vulcanisaeta_distri:0.316202853310366,Ca_Nitrososphaera:0.316232472941685):0.116237550494617):0.00512100429686916,Methanocorpusculum_:0.174343741030004):0.11171874346219,(((((((((Metallosphaera_sedu:0.237569257126214,Thermotoga_maritima:0.586404623511493):0.0203676361230634,Chlamydia_trachomatis:0.644570308576329):0.133647212675136,Pyrobaculum_calidif:0.298667188943717):0.0327578146600571,(Hyperthermus_butyli:0.187195817711728,Haloferax_volcanii:0.390819391729555):0.0364049983070031):0.00164888478156871,Thermofilum_pendens:0.28014295144444):0.0121194549176248,(Caldiarchaeum_subte:0.289346211257292,(Rickettsia_prowazekii:0.75976486483385,Dictyostelium_dis:0.424992592874784):0.0773718666406739):0.090550629658423):0.0133531628045778,Desulfurococcus_kam:0.250122973751703):0.0428656729234064,(((((((((Leishmania_infant:0.371618140155785,Thalassiosira_pseudo:0.330986589614202):0.158314298830712,(((((Borrelia_burgdorferi:0.807333428781031,Staphylothermus_mar:0.219493145246107):0.0482905016970395,Nitrosoarchaeum_lim:0.318737556788283):0.067272272725537,Thermoplasma_acidop:0.274666159021092):0.023295619768678,Ignisphaera_aggrega:0.313032773789858):0.0164184726385483,Methanobacterium_AL:0.271496366059743):0.0226634803433143):0.0174758364264378,Ferroglobus_placidu:0.232207752497505):0.00878057140833808,Nitrosoarchaeum_kor:0.415335283864197):0.0146497836359555,Methanocaldococcus_j:0.245791725005332):0.036182989718867,(Bacillus_subtilis:0.728969933671477,Picrophilus_torridus:0.198280364203419):0.058884868624295):0.0031369539098609,Ferroplasma_acidarm:0.253272580299052):0.0209737067672945,Saccharomyces_cerevis:0.50821383090027):0.0274712735759254,Methanomassilii_MlumB10:0.232473486883381):0.0704267974939613):0.00369930931832187,(Pyrolobus_fumarii:0.219142340099328,(Campylobacter_jejuni:0.241334490351324,Bacteroides_thetaiota:0.327613164038497):0.556111671623789):0.0702548974878846):0.0156763178206162):0.00344980939012932):0.00212527534297324):0.0415487751189371):0.0108074082971104,(Archaeoglobus_fulgid:0.220656742199457,(Plasmodium_falcip:0.502741563586082,Aciduliprofundum_bo:0.215326614847945):0.0184500794832221):0.0720264985938675,Acidilobus_saccharo:0.264037415767493);
1
6.15985
0.730943
5000
5.53963
1.51197	0.481512	0.585961	0.636423	0.742744	1.0002	1.21855	1.1263	1.00659	1.24304	0.742334	0.800582	0.454308	0.668666	1.01493	1.54745	0.999368	1.21468	0.742093	0.841627	

1.06401	1.03526	1.33245	0.658849	1.6926	0.253584	0.66488	1.4104	0.699179	1.1326	1.18697	1.71739	2.09779	0.429096	2.33073	1.57255	0.820564	0.183254	0.401983	1.40909	0.965319	0.522452	1.1272	0.562966	0.453613	1.59943	0.79441	0.600916	2.39634	0.520511	0.74261	0.774564	1.7482	1.0183	1.32179	0.261717	1.0174	3.62993	0.291555	0.343809	0.515385	0.154408	0.937527	0.128769	0.168541	2.39506	1.64921	0.943559	0.33706	1.76438	0.889404	0.167696	0.131144	0.892466	0.399457	0.337686	0.276335	1.15959	0.94883	0.788324	1.90943	0.569361	1.07526	2.12359	0.757715	0.950498	1.08825	0.91822	0.0862456	0.231734	0.293507	0.709124	1.36438	0.517283	1.98443	1.76463	0.7776	0.353889	0.474735	0.142526	0.14656	0.631037	1.19978	0.408501	4.37355	0.415693	0.161542	0.622421	0.219007	0.421392	1.17893	0.372374	0.251333	0.99399	1.29089	0.577717	0.459027	0.100057	0.514291	0.295444	0.947112	0.529958	0.618314	1.14294	0.694511	1.79255	0.999565	0.576093	0.0976729	0.304597	0.280762	1.77801	0.36801	0.865429	1.72618	0.699938	0.690322	0.819152	0.259971	0.587787	2.6879	3.10545	0.0304057	1.97735	0.632441	2.13169	1.25404	0.975312	0.989096	3.29135	1.32346	1.0103	0.22232	0.23687	0.703052	1.66725	0.285159	0.663306	1.04172	0.480002	0.732257	1.43873	1.43068	0.052154	1.64952	0.787859	1.04917	1.93154	0.845837	1.49978	1.38771	1.4105	0.416095	1.76826	0.537976	1.16814	1.34206	2.2566	1.23181	0.559999	0.123961	0.48159	0.976771	1.35352	0.532331	0.560081	1.13345	0.294263	0.765496	1.8667	1.40687	0.591768	0.744874	0.0903228	0.545252	1.15998	0.960522	0.126683	0.30432	1.04618	3.32991	0.205588	0.281726	0.494489	2.41811	0.103857	0.377196	0.0345831	0.647662	0.83168	

0.0491142	0.00290891	0.0511373	0.120411	0.00986583	0.0258726	0.0175451	0.0408327	0.197402	0.0532155	0.0164632	0.0460956	0.0131881	0.0538434	0.116133	0.0537376	0.0533045	0.0585352	0.0054969	0.0148969	
0.0426357	0.00724477	0.011352	0.0174218	0.165087	0.0128425	0.0343727	0.0486435	0.0256019	0.0766312	0.0256659	0.0207372	0.0100691	0.0212857	0.0404409	0.0330655	0.0321733	0.0638347	0.164881	0.146014	
0.272464	0.00974514	0.012397	0.0226779	0.0298845	0.0491074	0.0163775	0.0476977	0.0347484	0.0433675	0.0155001	0.0247846	0.0132846	0.020309	0.0439217	0.151504	0.0393574	0.0907742	0.00776941	0.0543276	
0.0510585	0.0108518	0.0177809	0.0178466	0.0186885	0.113516	0.0168427	0.0133688	0.0164381	0.0103137	0.00460665	0.0271526	0.257285	0.0166489	0.0144649	0.279516	0.0904611	0.0126899	0.00448417	0.00598553	
0.0456329	0.00416562	0.037799	0.148853	0.0415121	0.0269714	0.0612598	0.0106802	0.0916407	0.0195147	0.0138827	0.0649428	0.00581228	0.077277	0.0675501	0.0692928	0.0791421	0.031983	0.0152475	0.0868399	
0.0329408	0.00335467	0.00960339	0.0145396	0.0144386	0.00814684	0.0168594	0.16542	0.126246	0.0686475	0.0147554	0.00973438	0.00423257	0.0154834	0.15949	0.0178349	0.0217161	0.257388	0.0224491	0.0167199	
0.0406822	0.00657187	0.00505029	0.00489272	0.0429852	0.0193017	0.00407368	0.265524	0.00926025	0.323974	0.032041	0.00439264	0.00652962	0.00507667	0.0118255	0.00999511	0.0135848	0.132631	0.050594	0.0110139	
0.0373472	0.00109798	0.143799	0.115869	0.00446487	0.247708	0.0256916	0.00729016	0.10377	0.0126436	0.0063138	0.0887751	0.0079209	0.0390965	0.0465198	0.0570722	0.0261203	0.0108074	0.00756982	0.0101221	
0.324525	0.0536527	0.00136427	0.00270104	0.0268423	0.0457143	0.00314131	0.094542	0.00326213	0.0880637	0.0299295	0.00389643	0.0048781	0.00328454	0.00358626	0.0512094	0.0549025	0.187237	0.0102876	0.00697949	
0.0413561	0.00918446	0.0163949	0.0140583	0.051116	0.0279211	0.0111715	0.104056	0.0217312	0.342152	0.162463	0.0120234	0.00432795	0.0162656	0.035545	0.0251206	0.0242783	0.0517039	0.0125278	0.0166033	
0.0280343	0.00334681	0.156054	0.0205418	0.021978	0.0413894	0.111442	0.012254	0.0397567	0.0356457	0.00740237	0.23826	0.0103937	0.0242112	0.0321312	0.0630799	0.0749556	0.0217348	0.0342519	0.0231372	
0.0635018	0.022209	0.01117	0.0256423	0.0149404	0.0138602	0.034633	0.0429439	0.0252684	0.039148	0.0188911	0.0300393	0.00756957	0.0227729	0.0154217	0.120377	0.379069	0.0837283	0.00464885	0.0241651	
0.0217727	0.194878	0.00915178	0.0160212	0.0282534	0.000477762	0.140156	0.05347	0.017317	0.0470378	0.198982	0.0169513	0.00447139	0.125172	0.028281	0.0291627	0.0141351	0.0308777	0.0106427	0.0127882	
0.272519	0.00986844	0.001942	0.013874	0.00314238	0.46195	0.00374817	0.0218696	0.00272041	0.00554467	0.0103269	0.00280077	0.0115687	0.00324582	0.00757655	0.10462	0.0264596	0.0272027	0.00337423	0.00564707	
0.0544345	0.00413736	0.018839	0.0553174	0.0188104	0.0377024	0.0184445	0.0437183	0.112937	0.0546778	0.0118791	0.0284728	0.242276	0.0312542	0.074486	0.0513465	0.0613522	0.0497773	0.0120024	0.0181351	
0.0460401	0.00973461	0.027644	0.0273855	0.0145536	0.0408434	0.0123707	0.197819	0.0327013	0.0505425	0.0402551	0.0241403	0.00451124	0.0479556	0.0271657	0.0383471	0.0372964	0.304585	0.00539253	0.0107163	
0.0293068	0.00347657	0.0209617	0.015875	0.0250413	0.0112694	0.335255	0.043587	0.0104283	0.211356	0.0253909	0.0287974	0.00131241	0.0356813	0.00844164	0.0589505	0.0734486	0.0410925	0.00342226	0.0169062	
0.0403494	0.000826925	0.0926594	0.374277	0.021448	0.0370961	0.00843278	0.0182396	0.0406677	0.0410188	0.0152402	0.0452694	0.0247583	0.0749182	0.0354681	0.0515801	0.0329243	0.0174569	0.0101655	0.0172033	
0.0612626	0.00918466	0.0234489	0.0234891	0.0086921	0.233494	0.0099027	0.0147212	0.0912949	0.0453771	0.00475388	0.229973	0.0245736	0.027449	0.0575301	0.0497661	0.00621766	0.0640424	0.00385599	0.0109711	
0.0259715	0.00800959	0.0232884	0.0574833	0.0226513	0.0137973	0.0669853	0.0113487	0.0547568	0.0262224	0.00741085	0.0599656	0.015667	0.407256	0.039737	0.036231	0.0369399	0.0142162	0.0490853	0.0229762	
0.0374479	0.00275489	0.000537829	0.0122213	0.0117889	0.00342102	0.00975799	0.178147	0.00586748	0.101188	0.0121656	0.00691269	0.165853	0.00347888	0.0065154	0.0172178	0.03104	0.367576	0.0150367	0.0110723	
0.446195	0.090537	0.00417639	0.0018742	0.00227956	0.0474496	0.0135223	0.0189925	0.00326809	0.0180819	0.00417034	0.0108003	0.00886452	0.00263549	0.0078617	0.210404	0.0155955	0.0328896	0.0467866	0.013616	
0.0184582	0.0111657	0.0149978	0.0396633	0.023862	0.0309918	0.0951312	0.00881775	0.154338	0.0169634	0.00571959	0.0419092	0.00306095	0.0231439	0.138603	0.110657	0.139441	0.0180079	0.00765287	0.0974153	
0.0214411	0.00539731	0.00747609	0.00231506	0.211648	0.00342739	0.00210812	0.143618	0.0659004	0.0813969	0.0136866	0.00529803	8.79956e-06	0.00571928	0.0840233	0.040802	0.00892995	0.172801	0.0941363	0.029866	
0.144134	0.0278353	0.00288206	0.00280913	0.00171991	0.0130034	0.0355902	0.0542788	0.00154483	0.0184567	0.00757805	0.00852919	0.00283513	0.0145299	0.00288024	0.230965	0.212941	0.194692	0.0155757	0.00722046	
0.131974	0.0111745	0.00456254	0.0205733	0.0544004	0.0585505	0.0418194	0.0497976	0.0169325	0.0579615	0.0198625	0.0187609	0.187077	0.0133165	0.0110593	0.0809308	0.0624391	0.0964989	0.0373672	0.0249409	
0.0331468	0.00537894	0.0113365	0.0266585	0.111801	0.0059801	0.0921635	0.0646502	0.0815466	0.0838277	0.027913	0.0144888	0.00666484	0.033513	0.102889	0.0227537	0.0604456	0.109267	0.0104849	0.0950903	
0.301565	0.00403895	0.0604363	0.0151579	0.00143307	0.0671593	0.00660895	0.0569285	0.0401556	0.0178032	0.00159755	0.0197121	0.0578118	0.0770578	0.00879759	0.121397	0.0649095	0.0672359	0.00281025	0.00738366	
0.0227945	0.00168004	0.0114752	0.0415033	0.0463724	0.0180479	0.0400792	0.00990439	0.033274	0.0221227	0.00961843	0.0294686	0.00470724	0.0146069	0.0339409	0.0292597	0.0688234	0.0101805	0.465559	0.0865813	
0.0355216	0.00383543	0.00174502	0.0575466	0.00875134	0.0969766	0.0433231	0.112223	0.0734402	0.0653688	0.0271098	0.0304155	0.000774757	0.0914872	0.0812018	0.0662377	0.0737806	0.108581	0.0156751	0.00600508	
0.00723848	0.131912	0.0009078	0.000586092	0.0361129	0.0362452	0.0336782	0.363671	0.00599832	0.0799103	0.0270039	0.0168043	0.0179106	0.00140589	0.00203181	0.0401443	0.0400225	0.100439	0.00693819	0.0510393	
0.0784812	0.0130676	4.93102e-05	0.00920693	0.028478	0.0382969	0.0223643	0.146205	0.202981	0.0710668	0.0689237	0.00490587	3.56905e-05	0.00881914	0.117603	0.0405701	0.0197892	0.0771484	0.0140704	0.0379373	
0.216642	0.111215	0.00948342	0.018347	0.0182864	0.0932732	0.0194225	0.0308554	0.0174719	0.0953975	0.0263869	0.00708256	0.00434396	0.0120615	0.00579753	0.0549622	0.194988	0.0372527	0.0220644	0.00466574	
0.0688225	0.00716982	0.00475328	0.00204266	0.0909837	0.0756127	0.0212302	0.0396874	0.031135	0.124949	0.0120248	0.00876905	0.0187378	0.014948	0.0873384	0.0506087	0.0288267	0.0434699	0.148966	0.119924	
0.143938	0.21364	0.00385467	0.00867106	0.004526	0.0171913	0.0210913	0.0577946	0.0186306	0.0730738	0.0156605	0.0229608	0.012088	0.0106677	0.041916	0.123768	0.0622007	0.0896258	0.0439153	0.0147862	
0.022221	0.0503957	0.226775	0.00192909	0.125455	0.00662256	0.0858292	0.0102474	0.0120814	0.0118783	0.0211113	0.018959	0.0244488	0.014541	0.00415645	0.164193	0.0727909	0.0170226	0.0734868	0.0358553	
0.0892762	0.000133038	8.87402e-05	0.00147256	0.120282	0.001672	0.442844	0.00415915	0.0255054	0.0233032	0.00565462	0.00300488	0.000141251	0.0032387	0.0114072	0.0456967	0.00485785	0.021159	0.040074	0.15603	
0.207683	5.49985e-07	0.0195679	0.0359254	0.0112431	0.0490599	0.0495969	0.13893	0.039248	0.132104	0.020857	0.144532	0.00263451	0.000269514	0.00231991	0.0509007	0.0156227	0.0379448	0.0051415	0.0364176	
0.107198	0.0638955	0.0152157	0.0785601	0.004711	0.0632953	0.0622286	0.0555007	0.042887	0.0311659	0.0377869	0.0778065	0.0303675	0.000121	0.0563209	0.12288	0.0177473	0.0876937	0.0413438	0.00327488	
0.295772	0.0202518	0.0113383	0.017856	0.0227089	0.0530321	0.0521713	0.0321657	0.0803111	0.0213697	0.0090738	0.043204	0.00176882	0.0600746	0.0966461	0.0688433	0.0717256	0.0296285	0.00828484	0.00377377	
0.0457638	0.00827954	0.00996612	0.0262062	0.00310637	0.0863937	0.145803	0.00695926	0.0502898	0.0258324	0.0783837	0.163074	0.0559279	0.0371322	0.0343876	0.0398749	0.108603	0.0126304	0.0200749	0.0413111	
0.0347107	1.89575e-06	0.00219732	0.000243828	0.0125521	0.112771	0.0469922	0.0560563	0.129807	0.205295	0.00752301	0.0135699	0.00787229	0.0016442	0.0172545	0.0811183	0.0382422	0.174077	0.0451422	0.0129289	
0.0239839	0.00375906	0.153495	0.0119382	0.00434316	0.167356	0.0325868	0.0147403	0.0547455	0.0213756	0.19545	0.00600093	0.0228395	0.0731908	0.0244755	0.0452192	0.0189094	0.034614	0.0882481	0.00272877	
0.177833	0.00474273	0.0134781	0.0694953	0.00077709	0.010721	0.0566826	0.100776	0.054054	0.097927	0.0102292	0.0658825	0.0385561	0.0172031	0.0438778	0.163993	0.0160614	0.00968934	0.0358119	0.0122083	
0.0559711	0.0179034	0.0458099	0.0305743	0.153067	0.055001	0.0534708	0.00606334	0.0372163	0.0014188	0.0108728	0.12731	0.0277607	0.00466267	0.143495	0.137508	0.00659159	0.0304498	0.0424718	0.0123815	
0.179323	0.135558	0.000835259	0.0501258	0.0187997	0.0507872	0.0356905	0.0324723	0.00714664	0.00793743	0.0082189	0.0538931	4.78289e-05	0.0856104	0.0132929	0.171926	0.117382	0.00079281	0.00982259	0.0203373	
0.111993	0.0158598	0.00764967	0.00408597	0.0845872	0.121752	0.0800655	0.0339135	0.231928	0.0700352	0.00654606	0.00364216	0.0215644	0.000648591	0.00920967	0.071332	0.0185071	0.0329897	0.0170527	0.0566367	
0.127657	0.000936252	0.0102057	0.00306211	0.000839252	1.75358e-05	0.065743	0.179525	0.0171276	0.135758	0.0302999	0.01538	0.0173768	0.0416871	0.127575	0.00338031	0.0567602	0.126416	0.012637	0.0276165	
0.232997	0.164508	0.0267834	0.00219324	0.0844523	0.110017	0.0120265	0.0329607	0.00880238	0.0179595	0.00477552	0.00702911	0.000616103	0.00440714	0.101192	0.0666822	0.0151325	0.0182183	0.0221125	0.0671347	
0.0597746	0.00145446	0.00340179	0.0146835	0.0504332	0.0416089	0.0302646	0.0544735	0.0780459	0.00278399	0.0207547	0.00355411	0.0859444	0.00958816	0.196218	0.0378927	0.0337868	0.0724722	0.161385	0.041479	
0.0558137	0.00216523	0.0091363	0.000202202	0.00933352	0.0726548	0.110117	0.0718116	0.105294	0.104909	0.0310942	0.0393027	0.004396	0.0275688	0.121535	0.111173	0.0140868	0.0866197	0.01169	0.0110955	
0.0681163	0.00359313	0.1607	0.00214042	0.0651006	0.0413793	0.0220528	0.119072	0.00344838	0.0381945	0.0554953	0.088721	0.00148707	0.00479794	0.0320773	0.0989416	0.00178466	0.0734088	0.0409606	0.0785273	
0.0851584	0.000796904	0.00506784	0.00199295	0.017607	0.0886401	0.0208344	0.0381032	0.121834	0.0507427	0.144282	0.022443	0.00438904	0.00115706	0.0973149	0.00432787	0.0245689	0.189859	0.0369224	0.0439575	
0.0602055	0.0121238	0.00816935	0.000174931	0.0076223	0.087681	0.10526	0.0180371	0.078912	0.0831958	0.0017377	0.0458971	0.0230316	0.0483491	0.111821	0.15199	0.0701242	0.0596566	0.00641794	0.0195936	
0.155836	0.102636	0.0381796	2.74676e-07	0.0347402	0.0437262	0.0430168	0.0440805	0.0916422	0.099746	0.037525	0.0193769	0.022311	0.0404683	0.0215594	0.00615918	0.0022988	0.0576467	0.0189982	0.120052	
0.0510441	0.0298473	0.00191642	0.0480367	0.055419	0.105148	0.0645636	0.105644	0.0664498	0.0569007	0.0186406	0.0319862	0.000734404	0.0423836	0.0761043	0.0521759	0.0216994	0.0156706	0.107808	0.0478272	
0.101873	0.000178004	0.000206898	0.029724	0.0158964	0.00170698	0.140072	0.0968836	0.0599013	0.00588055	0.0400951	0.201748	0.0377134	0.00259713	0.0369777	0.0151411	0.076339	0.0879718	0.0369146	0.0121804	
0.00442068	0.128003	0.0202984	0.0103878	0.130534	0.0460268	0.00280914	0.0348797	0.11558	0.0288694	0.00537103	0.0132599	0.0266202	0.0129415	0.0601683	0.263307	0.0142396	0.0201567	0.0120107	0.0501162	
0.0547316	0.000617432	0.00712065	0.00808209	0.0183715	0.0167794	0.00196325	0.157585	0.0583668	0.110357	0.0126119	0.0929574	0.100515	0.0230328	0.0351271	0.0442055	0.0446575	0.173497	0.0267292	0.012692	
0.033128	0.0645808	0.0425509	0.000645562	0.0741811	0.119354	0.207406	0.0138564	0.0300363	0.00234943	0.038702	0.0207167	0.0078932	0.00368643	0.00812039	0.0709066	0.16154	0.0320244	0.0138912	0.0544304	
0.141586	0.0390247	0.0393945	0.0158393	0.09468	0.0133439	0.0804606	0.0554576	0.0770928	0.0666249	0.0313425	0.0428198	4.37728e-05	2.06224e-05	0.103491	0.0509141	0.0170523	0.105835	0.0164182	0.00855848	
0.0739138	0.00148061	0.000278715	0.013376	0.0106148	0.0450258	0.145622	0.0169481	0.0725531	0.0126651	0.0996493	0.0789308	0.00537838	0.106132	0.021742	0.010023	0.0120671	0.121474	0.149068	0.00305852	
0.0955277	0.00213554	0.00590293	0.0135364	0.0573594	0.0272305	0.137259	0.203961	0.0367859	0.0323735	0.00434697	0.0176999	0.00178213	0.0707107	0.00965655	0.199068	0.0203499	0.0485574	0.000424674	0.0153315	
0.105107	8.35859e-06	0.00269208	7.91626e-05	0.0251925	0.0236076	0.0648088	0.00388176	0.00810424	0.0892466	0.0626234	0.0140939	0.00667831	0.0130314	0.0590134	0.177816	0.0599527	0.0569989	0.0290743	0.19799	
0.0357076	0.0140334	0.00925154	0.00645443	0.154169	0.00663707	0.00347601	0.039284	0.107067	0.0369225	0.034273	0.0857443	0.00204113	0.00558648	0.0516848	0.136372	0.00604861	0.17043	0.0889576	0.00585962	
0.0265074	0.0439847	0.00457328	0.00506367	0.0127308	0.0723686	0.127091	0.0546996	0.0660158	0.0918663	0.127275	0.00604276	0.0058088	0.0375489	0.02711	0.0541229	0.0429412	0.111965	0.0358613	0.0464227	
0.204507	0.000249162	0.0110695	0.0763204	0.0449539	0.0131905	0.0855501	0.0265166	0.0720927	0.0516146	0.0160345	0.0106902	0.000308758	0.00271165	0.126246	0.0563826	0.0228297	0.0550175	0.0330682	0.0906463	
0.0916007	0.0235412	0.0504656	0.0183534	0.0130168	0.0626	0.146895	0.0218483	0.0256355	0.195451	0.0481807	0.00572144	0.0181193	0.0004277	0.00644735	0.150743	0.00329263	0.0407228	0.0282758	0.048662	
0.144001	0.0268127	0.0110928	0.0565467	0.00758875	0.0761741	0.0869088	0.0352497	0.0546223	0.0584887	0.0610699	0.0473766	0.0201536	0.0450305	0.0361546	0.109871	0.0534768	0.0241958	0.0226821	0.0225037	
0.0336634	0.0213061	0.00106475	0.206749	0.00165231	0.0113582	0.0748814	0.0127499	0.0215371	0.051721	0.0275131	0.207108	0.0101894	0.0182506	0.0635212	0.0580828	0.04725	0.0630769	0.0147488	0.0535751	
0.0526183	0.00194029	0.0146	0.079426	0.0208013	0.0881982	0.0580345	0.0565352	0.0799991	0.21104	0.0322731	0.101439	0.0049882	0.00543806	0.0622848	0.0249413	0.056944	0.0106648	0.0252654	0.0125684	
0.100782	0.153084	0.0455109	0.0355502	0.0594031	0.150348	0.0386415	0.0372168	0.10583	0.0468276	0.0116817	0.00889385	0.00850656	0.0398907	0.0152689	0.0232834	0.0171269	0.066105	0.0350609	0.000988673	
0.0151416	0.000721308	0.00263467	0.00559548	0.0146901	0.239251	0.060226	0.174353	0.0211795	0.0461342	0.0097145	0.044545	0.0014273	1.44301e-05	0.0272894	0.0299686	0.123071	0.0595716	0.092252	0.0322192	
0.06103	0.0723432	0.0671236	0.0299987	0.0211271	0.0652585	0.086467	0.0220751	0.129778	0.0283765	0.0124473	0.000158152	0.00641521	0.00255589	0.0288815	0.040831	0.0302521	0.0494907	0.116721	0.12867	
0.014597	0.0953234	0.0101079	0.00868808	0.0214415	0.0118947	0.0195877	0.191536	0.10031	0.0407272	0.0341166	0.121526	0.00346044	0.00742428	0.019916	0.107424	0.0385993	0.0470111	0.104668	0.0016415	
0.041999	0.0622838	0.00441579	0.0259715	0.0103541	0.0626571	0.191405	0.0125911	0.0211059	0.167567	8.19535e-05	0.0198196	0.000401748	0.0530967	0.0264143	0.0281091	0.02708	0.0676432	0.0137942	0.163209	
0.0176793	0.00799506	0.095738	0.000378695	0.000569104	0.000148794	0.136049	0.0236504	0.0613141	0.0500233	0.0224851	0.0143918	0.0120278	0.039472	0.203875	0.0869593	0.021466	0.0282659	0.0036664	0.173845	
0.0708385	0.0816174	0.0414521	0.0226635	0.0698254	0.0265126	0.153269	0.00382829	0.0454537	0.115212	0.0390991	0.0732744	0.00130205	0.00909974	0.0263333	0.0756874	0.0232383	0.035252	0.0340891	0.0519519	
0.0460905	0.00678227	0.0121692	0.0177439	0.000679719	0.0108113	0.0648743	0.0455307	0.0364819	0.0644962	0.259872	0.0166904	0.0251926	0.0594353	0.019353	0.131889	0.0608467	0.0225401	0.0279133	0.0706077	
0.0701467	0.00167526	0.022991	0.0957706	0.00893162	0.110687	0.117453	0.0245538	0.0370592	0.111449	0.0159417	0.0033009	0.062382	0.0072994	0.00801028	0.118482	0.06454	0.0419286	0.0612109	0.016187	
0.00423523	0.0121016	0.0107569	0.000595821	0.0085519	0.111681	0.0764285	0.0940539	0.0653778	0.0185269	0.0186235	0.138978	0.00747947	0.0243784	0.0376178	0.111874	0.0707682	0.101694	0.0853702	0.000907172	
0.0933038	0.0059566	0.000113539	0.177463	0.0357354	0.102397	0.0126659	0.18092	0.0239006	0.0733457	0.022142	0.0135589	0.00137354	0.0519766	0.0124902	0.0363579	0.0911185	0.0084755	0.0558458	0.000858552	
0.154204	0.00029018	0.000690723	6.57845e-05	0.00615241	0.0445529	0.0312912	0.0545803	0.0355598	0.212989	0.00660297	0.0248226	0.00368516	0.0956284	0.0598048	0.0416866	0.0713771	0.0542637	0.0264607	0.0752922	
0.00889823	0.0746844	0.000752866	0.0127149	0.0126671	0.024436	0.063141	0.0157603	0.000220318	0.122354	6.26443e-05	0.00287776	0.251893	0.0541477	0.0227509	0.163193	0.0409629	0.10703	0.0212666	0.000186306	
0.0685128	0.000664261	0.0892241	0.00475078	0.0733756	0.0287512	0.0329241	0.00943639	0.221654	0.164405	0.0187948	0.0221606	0.0313851	0.0187569	0.00227242	0.0808	0.0231777	0.0768419	0.004628	0.0274841	
0.188401	0.0463695	0.00704688	0.00556314	0.00102122	0.0158722	0.0407349	0.129012	0.183755	0.0304913	0.0144323	0.0606648	0.000207896	0.0170673	0.0386072	0.0363433	0.0881253	0.079457	0.0154829	0.00134476	
0.0178247	0.0175578	0.124069	0.0137206	4.42301e-05	0.0150307	0.0409102	0.0239953	0.0281736	0.218774	0.0440864	0.0731057	0.0148889	0.0866327	0.0811454	0.0466614	0.0575432	0.0256617	0.0480151	0.0221594	
0.161801	0.05333	0.025046	0.0269376	0.0497417	0.0438957	0.0474359	0.044566	0.048266	0.00733544	0.00535709	0.0166295	0.00209568	0.0067397	0.00974544	0.162802	0.174247	0.0445865	0.033137	0.0363054	
0.00272375	0.00786206	0.0292054	0.0671868	0.0172687	0.0159868	0.116905	0.19125	0.0563167	0.125592	0.0198204	0.00528642	0.00039326	0.117355	0.127424	0.0244735	0.0282343	0.0234924	0.0200784	0.00314542	
0.104612	0.0213442	0.00213126	0.0227613	0.0263947	0.0603673	0.111724	0.0752543	0.0739215	0.0516354	0.00010315	0.00628103	0.0256408	0.0341138	0.0520207	0.0405415	0.0302073	0.13339	0.0140947	0.113461	
0.152289	0.00202417	0.00148264	0.0124838	0.00680626	0.0252676	0.0635051	0.0293385	0.0604791	0.0101662	0.00861929	0.0284265	0.00859798	0.0539278	0.138308	0.0623046	0.131619	0.0185663	0.0522206	0.133568	
0.0401023	0.000195029	0.00244303	0.0411505	0.000874398	0.0724075	0.0520497	0.0595276	0.00869699	0.0434625	0.109738	0.0348012	0.135068	0.0809275	0.0181758	0.0833067	0.0181808	0.0906942	0.107357	0.000841214	
0.10172	0.053359	0.0598277	0.013592	0.0544838	0.0984778	0.0107534	0.029301	0.0126017	0.0756657	0.00843088	0.0981875	0.0385035	0.0197956	0.0722404	0.0485571	0.06579	0.085963	0.0105287	0.0422213	
0.00906274	0.0942942	0.00259813	0.0214045	0.0471681	0.0577964	0.0526546	0.0269629	0.128328	0.02774	0.000927052	0.0586422	0.00163654	0.00207339	0.163087	0.0492515	0.0159397	0.0202825	0.201779	0.0183712	
0.139345	0.000881765	2.85258e-05	0.114706	0.0254427	3.61683e-05	0.0278617	0.0266949	0.0187829	0.0308602	0.0716921	0.191551	0.0233456	0.0091846	0.00043335	0.120167	0.0783483	0.0986697	0.00344366	0.0185253	
0.122257	0.0134923	0.00227828	0.0217027	0.0490967	0.00202077	0.0251515	0.0790671	0.00216066	0.188741	0.000868687	0.0475434	0.000563556	0.0301252	0.0277962	0.125481	0.0462487	0.0725447	0.110078	0.0327825	
0.0501566	0.0152494	0.00099762	0.0186975	0.00225605	0.0816809	0.0250658	0.00545752	0.0245359	0.0561311	0.020655	0.0840392	0.0918637	0.0757454	0.122169	0.197854	0.00843296	0.0514158	0.009921	0.0576756	
0.0502787	0.079297	0.00405571	0.00330891	0.037671	0.0526306	0.0127254	0.0633624	0.00602931	0.00279195	0.059181	0.0160365	0.0839517	0.00339966	0.102297	0.111077	0.0528844	0.215051	0.00228117	0.0416898	
0.0485634	0.0115618	0.0848461	0.00680462	0.00157358	0.0198003	0.0702237	0.0728185	0.0262849	0.0359731	0.00427631	0.0867545	0.00626674	0.0129844	0.158594	0.138168	0.0844586	0.0796289	0.00812041	0.0422984	
0.235906	6.02053e-05	0.00245331	0.0430565	0.0493559	0.00341309	0.0856669	0.0121924	0.0421478	0.0075716	0.0138476	0.0127642	0.00480954	0.00225723	0.200222	0.0337806	0.0708071	0.0547734	0.0351915	0.0897231	
0.0429943	0.0374302	0.190847	4.03535e-06	0.021846	0.040371	0.0307143	0.0773158	0.0532102	0.0039602	0.0318717	0.0607547	0.00705473	0.0265601	0.0867398	0.036831	0.0321962	0.0145145	0.0230711	0.181713	
0.187141	2.38413e-05	0.0437427	0.0310611	0.00547856	0.0365855	0.0743701	0.000813384	0.0950573	0.000426987	0.0268179	0.031764	0.00200747	0.0177257	0.150663	0.204961	0.00256232	0.0241901	0.0231459	0.0414622	
0.0187275	0.000885464	0.115998	0.0160495	0.0616353	0.0782741	0.00650539	0.0068628	0.055532	0.0014227	0.00665948	0.0588217	3.40299e-06	0.148396	0.00848654	0.108415	0.196962	0.0771485	0.0243924	0.00882147	
0.214717	0.00562136	0.00452553	0.127693	0.00893318	0.0332062	0.0634053	0.152409	0.022426	0.0788175	0.0218543	0.0358166	0.0178105	0.0070853	0.0291605	0.0611992	0.0465847	0.00303869	0.0384389	0.0272584	
0.0611753	0.00445468	0.0847159	0.00365761	0.00546014	0.066509	0.0643197	0.184806	0.0356791	0.109838	0.0148675	0.009315	0.0802478	0.0416062	0.0619	0.0621143	0.0686752	0.0392921	0.000119642	0.0012469	
0.000722668	4.29909e-05	0.0056019	0.0192578	0.0339064	0.0881569	0.0809539	0.00733717	0.0350366	0.0261895	0.0145859	0.00187519	0.0273495	0.0566907	0.0542167	0.110505	0.169726	0.104911	0.101083	0.0618508	
0.145512	0.200907	0.0201586	0.0203781	0.00319328	0.00292112	0.018771	0.0252509	0.0277196	0.101498	0.0418298	0.00123289	0.0743246	0.0184148	0.139545	0.0865702	0.0307013	0.0101879	0.027084	0.0037999	
0.0406404	0.0010612	0.0587867	0.0457147	0.00193994	0.054221	0.103521	0.0569758	0.0331446	0.0072343	0.034112	0.0149156	0.0787175	0.0463172	0.049693	0.0215319	0.00864962	0.0498758	0.0762034	0.216745	
0.0645388	2.75484e-05	0.0713568	0.0505601	0.0032387	0.0637402	0.151713	0.0487045	0.0782169	0.00350794	0.0553489	0.0112342	7.61773e-05	0.0844066	0.121453	0.0108605	0.0718608	0.0133126	0.0471309	0.048712	
0.242259	0.0841219	0.0194599	0.00219654	0.052648	0.00330788	0.0671538	0.0477995	0.0192666	0.165079	0.00030787	0.00762371	0.00122907	0.00309335	0.038764	0.141804	0.0103692	0.00870595	0.00809898	0.0767122	
0.142559	0.0182016	0.00250195	0.173884	0.0388729	0.0668758	0.0628068	0.044336	0.00465205	0.0277073	0.0492181	0.0207872	0.0528088	0.00505681	0.0306973	0.0787094	0.0431169	0.0588145	0.0560211	0.0223723	
0.176416	0.00825973	0.00131422	0.00310751	0.0136265	0.0654171	0.0572659	0.0156458	0.0338066	0.0841066	0.00547404	0.0260075	0.161093	0.118397	0.0459944	0.0395162	0.0524561	0.0423571	0.0285136	0.0212246	
0.185557	0.0819509	0.00766938	0.0237856	2.78145e-05	0.0443602	0.0369263	0.0282948	0.102914	0.180224	0.0275567	0.0027028	0.000656215	0.0116815	0.0293107	0.0910998	0.0879147	0.0445283	0.0122487	0.00059088	
0.0326135	0.026382	0.0229474	0.00102144	0.0471719	0.0656691	0.00567437	0.0996326	0.0574808	0.0434591	0.0846425	0.0641635	0.0127434	0.00116951	0.162542	0.136256	0.0767073	0.0180894	1.49885e-05	0.0416189	
0.132047	0.0473943	0.00362478	0.0426457	0.00571163	0.0572211	0.059625	0.0291033	0.150977	0.00328416	0.0187198	0.0194584	0.0411362	0.146404	0.0932338	0.0541767	0.0471487	0.0134749	0.0074826	0.0271317	
0.113087	0.00149177	0.00282904	0.00553986	0.0343498	0.0186222	0.0185798	0.0103082	0.22311	0.0599865	0.0358586	0.113256	0.000761993	0.034404	0.0374884	0.0140242	0.216881	0.0269745	0.0296503	0.00279655	
0.0121756	0.0344196	0.0782051	0.00938121	8.97264e-05	0.00980439	0.270923	0.0226862	0.0238186	0.0314455	0.0275253	0.0450015	0.00128876	0.0162291	0.180299	0.0656686	0.0455332	0.0918889	0.0243331	0.00928413	
0.0513684	0.0238618	0.0639246	0.00795499	0.0140475	0.0538505	0.00178796	0.0637947	0.137802	0.0123234	0.130431	0.0366927	0.0146796	0.00241671	0.0198934	0.0888679	0.0379173	0.00954345	0.182519	0.0463231	
0.0868729	0.00335694	0.00139467	0.000949057	0.231866	0.00565826	0.026349	0.0116038	0.122196	0.0794897	0.0210327	0.0145798	0.0673318	0.0780899	0.00898913	0.0437184	0.00809999	0.094155	0.0506044	0.0436631	
0.0564991	0.173339	0.00962102	0.129591	0.000107538	0.00138766	0.100032	0.0723713	0.0149029	0.0187926	0.0857253	0.00543824	0.00364833	0.00150296	0.0492389	0.167921	0.0599486	0.0404897	0.00126652	0.00817619	
0.0632004	0.0159484	0.0812649	0.135607	0.000706844	0.0250039	0.0431332	0.128421	0.0745665	0.0812192	0.00858795	0.00719356	0.00510055	0.0055624	0.00298597	0.0590927	0.0725705	0.0882075	0.101174	0.000453334	
0.0195302	2.93157e-05	0.206649	0.011816	0.00465622	0.0191204	0.0399226	0.109109	0.0496735	0.0898056	0.0445974	0.127157	0.0226817	0.0217492	0.03241	0.0420897	0.0779914	0.0408599	0.0350891	0.00506169	
0.100281	0.042226	0.000320945	0.00411887	0.0392697	0.0129191	0.139368	0.174843	0.00928032	0.0518396	0.00131918	0.0778118	0.00456549	0.0246015	0.0593057	0.0870099	0.0143923	0.0433713	0.0601207	0.0530357	
0.0872445	0.00948632	0.00215019	0.0230948	0.00332351	0.177916	0.0356977	0.0228858	0.076814	0.00633154	0.0596495	0.0396967	0.032887	0.0202327	0.000852417	0.158902	0.132525	0.0169299	0.0658499	0.0275314	
0.0324966	0.0348825	0.0115657	0.0217323	0.0514483	0.0412021	0.0634082	0.0556278	0.00542048	0.0598915	0.0142268	0.1093	0.075676	0.0391744	0.0943777	0.0791199	0.0243728	0.0463285	0.0645704	0.0751775	
0.152923	0.00539206	0.025797	4.59253e-05	0.0300582	0.0109319	0.0545418	0.00330732	0.149542	0.0170263	0.0046038	0.121663	0.0164309	0.217899	0.0123153	0.061894	0.0141748	0.0128918	0.0879839	0.000578228	
0.0636718	0.00253316	0.0288438	0.0683749	0.0435888	0.0678411	0.00953629	0.0406501	0.0734327	0.00337475	0.0205002	0.0176437	0.0662899	0.0183088	0.0164651	0.100065	0.123395	0.074866	0.0343773	0.126242	
0.252882	0.00765104	0.00122681	0.0336862	0.0341407	0.162582	0.0423735	0.0369913	0.0339767	0.0352616	0.0203829	0.0366764	0.00279081	0.0381283	0.092166	0.000987931	0.0439286	0.0096757	0.00346882	0.111023	
0.064642	0.00661059	0.000661873	0.0373664	0.00316923	0.00169717	0.0957113	0.025357	0.139086	0.0218314	0.0130864	0.0449674	0.0170455	0.029895	0.234252	0.040072	0.107934	0.0630628	0.000282904	0.0532693	
0.116561	0.0242646	0.0455818	4.62486e-06	0.0509492	0.00370859	0.023673	0.0350204	0.017484	0.281173	0.000134342	0.0246109	0.0904812	0.0203558	0.0431487	0.0847461	0.00297829	0.0424427	0.0918396	0.000841617	
0.0213789	0.0306162	0.00457102	0.00299844	0.0472628	0.0226235	0.165774	0.052935	7.68015e-05	0.198939	0.0382473	0.163162	0.00992108	0.00221051	0.0153212	0.0936227	0.0108782	0.0723951	0.034605	0.0124611	
0.0803681	0.00826865	0.0959231	0.0226977	0.00160845	0.00268065	0.246352	0.00430722	0.0491165	0.0640899	0.011257	0.119229	6.66206e-05	0.0204822	0.0371209	0.0389051	0.0821745	0.0363141	0.00675174	0.0722868	
0.248632	1.02497e-05	0.00106231	0.0299275	0.00265713	0.097835	0.0232726	0.0522773	0.0578786	0.057671	0.0187706	0.0215946	0.0222435	0.000590971	0.013541	0.0782297	0.070664	0.140641	0.00491695	0.0575841	
0.00536471	7.14879e-06	0.00118695	0.124591	0.0414408	0.0325657	0.00894077	0.0739149	0.016482	0.119047	0.00206513	0.00127882	0.00174352	0.0460841	0.159881	0.160498	0.0157437	0.129016	0.0486319	0.0115159	
0.158313	0.022355	0.055065	0.0255417	0.00567637	0.00618914	0.0059802	0.0471776	0.0907825	0.00549021	0.0582273	0.0401159	0.0269905	0.00157723	0.0897212	0.040096	0.0476779	0.015948	0.11786	0.139216	
0.00274891	2.29732e-05	0.0760193	0.025665	0.00432782	0.0239424	0.137493	0.0493891	0.0671865	0.0510967	0.0828292	0.0796625	0.00236519	0.0047545	0.0181776	0.0266431	0.0632618	0.0542007	0.000889269	0.229324	
0.0318743	0.000405195	0.00858536	0.0472406	0.0616849	0.00979104	0.0859017	0.329354	0.0689285	0.0208837	0.04601	0.109358	0.00075092	0.00232664	0.0129281	0.138216	0.00702512	0.00119433	1.30433e-05	0.0175289	
0.0571754	0.0217537	0.044508	0.00188208	0.0952751	0.0961773	0.0616384	0.00461652	0.0312033	0.00847024	0.177364	0.0669539	0.024195	0.02887	0.0736326	0.0986184	0.0185963	0.0584328	0.0279995	0.00263701	
0.0686978	0.113619	0.000654083	0.0246533	0.00174389	0.00780079	0.0109598	0.230442	0.0366745	0.0860124	0.0105241	0.0763568	0.00467443	0.0285365	0.0912225	0.0512932	0.0204248	0.0243277	0.0759913	0.0353908	
0.0621828	0.10815	0.00146767	0.0560236	0.0111187	0.0762777	0.0788772	0.0682853	0.00405651	0.248052	0.0120678	0.0525619	0.0177621	0.0143858	0.0520137	0.0294271	0.0724717	0.0223304	0.00938329	0.00310452	
0.104128	0.00670436	0.0227731	0.0597748	0.000766273	0.00252107	0.0306924	0.0858355	0.0241556	0.101462	0.00374617	0.220585	0.0152735	0.00569693	0.0574915	0.0530018	0.0880486	0.0448012	0.0495753	0.0229678	
0.0684943	0.00219693	0.0230277	0.00435215	0.00880265	0.108251	0.15279	0.00884964	0.00746708	0.0220688	0.0196181	0.00942747	0.0144131	0.0833131	0.0625393	0.0683623	0.0291631	0.231672	0.0177641	0.057427	
