CATGTRSBDP
1	5	2
1
1.8
0	0
0	0
35_noEF2/35_noEF2.phy
4
0
Universal

0
0
0
None
0
10	0
0
(((Sulfolobus_islandic:0.252667722144111,(Methanosarcina_aceti:0.27055222919407,Pyrobaculum_calidif:0.299054743272515):0.0379752598971771):0.0146765986272285,((((((Aeropyrum_pernix:0.138072430452497,Acidilobus_saccharo:0.14320963288538):0.0917320609523502,Thermosphaera_aggre:0.18556273127605):0.113630787459409,Methanoplanus_petro:0.27088921435357):0.018736586111144,Plasmodium_falcip:0.498072653601273):0.0131743372667095,Rickettsia_prowazekii:0.818076264829251):0.00667689434711116,(((Pyrococcus_furiosus:0.175703971575945,Nitrosoarchaeum_lim:0.386731073044175):0.0389833286533515,Methanothermobacter_:0.212153114193464):0.0397539212430051,(((((Methanosphaera_stadt:0.204143626950708,(Haloferax_volcanii:0.123359035712919,(((Ferroplasma_acidarm:0.360599103243094,Loki3:0.372043780381308):0.046901619654316,Ferroglobus_placidu:0.173771139466764):0.103464964733935,(Halobacterium_NRC:0.118761485139905,(((Saccharomyces_cerevis:0.570722310366067,Halalkalicoccus_jeo:0.10522028696807):0.0122331974331471,Archaeoglobus_fulgid:0.291485228074968):0.00200836624202026,Rhodopirellula_baltic:0.838501640427798):0.00237862067868815):0.00811698491179264):0.00204285281199409):0.149126198914354):0.0142885153143833,Methanobacterium_AL:0.184698278249412):0.0737141325276645,((((((((((((Thermotoga_maritima:0.692776108104887,(Leishmania_infant:0.504525945741956,(((Vulcanisaeta_distri:0.335655509186231,(Metallosphaera_cupr:0.109612682606596,(((Thermoproteus_uzoni:0.294610273506484,Thermoplasma_acidop:0.338975491224222):0.046629239231419,(Chlamydia_trachomatis:0.259582003163572,Borrelia_burgdorferi:0.327925685112368):0.558614517763065):0.00781351465151753,(Methanocella_paludi:0.251255895710791,Cenarchaeum_symbios:0.388077920085783):0.0553212241090137):0.103422100586215):0.00153378520040495):0.00192986411817835,Loki2:0.40095177288246):0.000414557243746181,Metallosphaera_sedu:0.112249035504252):0.104889955802229):0.080767162174299):0.0239816543279118,Methanospirillum_hun:0.219945148126322):0.00144318295485349,(Bacillus_subtilis:0.418039444010643,(Aciduliprofundum_bo:0.393074757523674,Synechocystis_PCC:0.389917896907339):0.0301145110094489):0.233933022136645):0.0109920340430771,(((Entamoeba_histolytica:0.599918937795176,Methanoculleus_mari:0.122753244083268):0.0110233703790917,(Fervidicoccus_fonti:0.378578631654399,Methanohalobium_eve:0.200422767432818):0.0480414142006539):0.00100579656029454,Methanosphaerula_pa:0.144504858964811):0.0690955201515473):0.0619842079189071,((Methanococcus_marip:0.259861253533387,Sulfolobus_solfatari:0.25020854536327):0.0443089960748888,Methanothermus_ferv:0.196517889933334):0.0184403459724895):0.00191068326190902,Methanomassilii_MlumB10:0.291443060632877):0.0101842656141636,Methanocaldococcus_j:0.23735997663023):0.0137724667608081,(Ignicoccus_hospital:0.273887439404681,(Arabidopsis_tha:0.191940888128245,(((Pyrolobus_fumarii:0.0843427030189651,Hyperthermus_butyli:0.0990276007901285):0.292970321496443,Trichomonas_vaginalis:0.309871576173684):0.055707745775326,(Dictyostelium_dis:0.205811301558314,((Thalassiosira_pseudo:0.184160088842943,Nitrosoarchaeum_kor:0.517869795927586):0.000774492413016991,Caldiarchaeum_subte:0.508822537387931):0.0470455320817403):0.0230313008888199):0.000581087626364844):0.218406897368054):0.0400755553346124):7.29048513460234e-07,Staphylothermus_mar:0.285917651723002):0.00250782341837889,(Methanosaeta_thermo:0.23452885508815,Thermofilum_pendens:0.290819250460199):0.0404258225680315):0.00208253863763851,(Thermococcus_kodakar:0.190800818559196,Tetrahymena_ther:0.543811923776907):0.0601012275799505):0.00020419789245534,Campylobacter_jejuni:0.825231840881248):0.00562147286106046):0.00777922428711456,((Bacteroides_thetaiota:0.827200754150954,(Ca_Nitrososphaera:0.358073774188288,(Desulfurococcus_kam:0.266001525739845,Methanotorris_igneu:0.218265586990249):0.00975489564550835):0.00560294973588606):0.0163845708010693,Pyrobaculum_aerophil:0.315491784095428):0.0194569151149899):0.00190452319220136,(((Acidianus_hospitali:0.0947208577486692,(Sulfolobus_tokodaii:0.0749431707855638,Caldivirga_maquilin:0.413100533150669):0.00712129255339509):0.0629632919063895,Ignisphaera_aggrega:0.235907038859607):0.0466880181248512,((Sulfolobus_acidocald:0.212095321018582,(Nitrosopumilus_mari:0.344808362391367,(Methanocorpusculum_:0.222738816607923,Escherichia_coli:0.773104162596101):0.105345592345409):0.0558321061756993):0.00249908040297066,Loki1:0.359299513329154):0.0116126464832122):0.0741298920205121):0.00136953743082986):0.0065273244358502):0.000451500633793003):0.0396744182374835,(Picrophilus_torridus:0.308178368995117,Haloarcula_marismort:0.263941288815101):0.0817561753347752,Homo_sapiens:0.446093947775419);
(((Sulfolobus_islandic:0.252667722144111,(Methanosarcina_aceti:0.27055222919407,Pyrobaculum_calidif:0.299054743272515):0.0379752598971771):0.0146765986272285,((((((Aeropyrum_pernix:0.138072430452497,Acidilobus_saccharo:0.14320963288538):0.0917320609523502,Thermosphaera_aggre:0.18556273127605):0.113630787459409,Methanoplanus_petro:0.27088921435357):0.018736586111144,Plasmodium_falcip:0.498072653601273):0.0131743372667095,Rickettsia_prowazekii:0.818076264829251):0.00667689434711116,(((Pyrococcus_furiosus:0.175703971575945,Nitrosoarchaeum_lim:0.386731073044175):0.0389833286533515,Methanothermobacter_:0.212153114193464):0.0397539212430051,(((((Methanosphaera_stadt:0.204143626950708,(Haloferax_volcanii:0.123359035712919,(((Ferroplasma_acidarm:0.360599103243094,Loki3:0.372043780381308):0.046901619654316,Ferroglobus_placidu:0.173771139466764):0.103464964733935,(Halobacterium_NRC:0.118761485139905,(((Saccharomyces_cerevis:0.570722310366067,Halalkalicoccus_jeo:0.10522028696807):0.0122331974331471,Archaeoglobus_fulgid:0.291485228074968):0.00200836624202026,Rhodopirellula_baltic:0.838501640427798):0.00237862067868815):0.00811698491179264):0.00204285281199409):0.149126198914354):0.0142885153143833,Methanobacterium_AL:0.184698278249412):0.0737141325276645,((((((((((((Thermotoga_maritima:0.692776108104887,(Leishmania_infant:0.504525945741956,(((Vulcanisaeta_distri:0.335655509186231,(Metallosphaera_cupr:0.109612682606596,(((Thermoproteus_uzoni:0.294610273506484,Thermoplasma_acidop:0.338975491224222):0.046629239231419,(Chlamydia_trachomatis:0.259582003163572,Borrelia_burgdorferi:0.327925685112368):0.558614517763065):0.00781351465151753,(Methanocella_paludi:0.251255895710791,Cenarchaeum_symbios:0.388077920085783):0.0553212241090137):0.103422100586215):0.00153378520040495):0.00192986411817835,Loki2:0.40095177288246):0.000414557243746181,Metallosphaera_sedu:0.112249035504252):0.104889955802229):0.080767162174299):0.0239816543279118,Methanospirillum_hun:0.219945148126322):0.00144318295485349,(Bacillus_subtilis:0.418039444010643,(Aciduliprofundum_bo:0.393074757523674,Synechocystis_PCC:0.389917896907339):0.0301145110094489):0.233933022136645):0.0109920340430771,(((Entamoeba_histolytica:0.599918937795176,Methanoculleus_mari:0.122753244083268):0.0110233703790917,(Fervidicoccus_fonti:0.378578631654399,Methanohalobium_eve:0.200422767432818):0.0480414142006539):0.00100579656029454,Methanosphaerula_pa:0.144504858964811):0.0690955201515473):0.0619842079189071,((Methanococcus_marip:0.259861253533387,Sulfolobus_solfatari:0.25020854536327):0.0443089960748888,Methanothermus_ferv:0.196517889933334):0.0184403459724895):0.00191068326190902,Methanomassilii_MlumB10:0.291443060632877):0.0101842656141636,Methanocaldococcus_j:0.23735997663023):0.0137724667608081,(Ignicoccus_hospital:0.273887439404681,(Arabidopsis_tha:0.191940888128245,(((Pyrolobus_fumarii:0.0843427030189651,Hyperthermus_butyli:0.0990276007901285):0.292970321496443,Trichomonas_vaginalis:0.309871576173684):0.055707745775326,(Dictyostelium_dis:0.205811301558314,((Thalassiosira_pseudo:0.184160088842943,Nitrosoarchaeum_kor:0.517869795927586):0.000774492413016991,Caldiarchaeum_subte:0.508822537387931):0.0470455320817403):0.0230313008888199):0.000581087626364844):0.218406897368054):0.0400755553346124):7.29048513460234e-07,Staphylothermus_mar:0.285917651723002):0.00250782341837889,(Methanosaeta_thermo:0.23452885508815,Thermofilum_pendens:0.290819250460199):0.0404258225680315):0.00208253863763851,(Thermococcus_kodakar:0.190800818559196,Tetrahymena_ther:0.543811923776907):0.0601012275799505):0.00020419789245534,Campylobacter_jejuni:0.825231840881248):0.00562147286106046):0.00777922428711456,((Bacteroides_thetaiota:0.827200754150954,(Ca_Nitrososphaera:0.358073774188288,(Desulfurococcus_kam:0.266001525739845,Methanotorris_igneu:0.218265586990249):0.00975489564550835):0.00560294973588606):0.0163845708010693,Pyrobaculum_aerophil:0.315491784095428):0.0194569151149899):0.00190452319220136,(((Acidianus_hospitali:0.0947208577486692,(Sulfolobus_tokodaii:0.0749431707855638,Caldivirga_maquilin:0.413100533150669):0.00712129255339509):0.0629632919063895,Ignisphaera_aggrega:0.235907038859607):0.0466880181248512,((Sulfolobus_acidocald:0.212095321018582,(Nitrosopumilus_mari:0.344808362391367,(Methanocorpusculum_:0.222738816607923,Escherichia_coli:0.773104162596101):0.105345592345409):0.0558321061756993):0.00249908040297066,Loki1:0.359299513329154):0.0116126464832122):0.0741298920205121):0.00136953743082986):0.0065273244358502):0.000451500633793003):0.0396744182374835,(Picrophilus_torridus:0.308178368995117,Haloarcula_marismort:0.263941288815101):0.0817561753347752,Homo_sapiens:0.446093947775419);
1
4.81182
0.740026
5000
4.92393
1.52813	0.610576	0.852245	0.583419	0.739007	1.11429	0.59164	1.03282	0.479179	1.29006	0.630407	0.90852	0.426367	0.795353	0.732442	1.3223	1.16504	1.18514	0.349274	0.644389	

0.696009	0.383642	1.34554	0.448114	1.17718	0.425579	0.767023	0.944578	0.517689	0.718274	0.639184	1.4681	0.957375	0.888141	2.7695	1.59123	1.67052	0.555615	0.86398	0.123836	0.134353	0.0644985	0.485165	0.399521	0.00591935	1.98074	0.0169817	0.715073	0.113396	0.09439	0.0440327	1.36982	1.54649	0.613191	0.0520926	0.721719	0.36901	3.7781	0.0929704	1.2751	1.20054	0.0011497	1.24448	0.0873096	0.0573475	3.53592	1.39601	0.785851	0.981848	1.08239	1.15006	0.0586759	1.20493	0.652176	0.0919093	0.795285	0.78728	0.686208	2.04449	0.18773	0.104383	1.43182	0.914567	2.40405	1.28312	0.927449	1.30327	0.577425	0.258767	0.608217	0.423638	0.793877	1.20985	0.916141	1.59268	1.42606	0.19733	0.500191	0.0531003	1.07555	0.731689	0.741052	1.00302	1.68606	2.4681	1.08835	0.0654426	0.857681	0.165712	0.267499	1.74945	0.803447	0.917904	0.775526	1.14461	0.57363	0.267353	0.416315	0.551792	0.539589	0.718026	0.41854	0.872768	3.11613	0.997149	2.22537	1.78746	0.934992	0.623327	0.618068	1.64775	2.13862	1.4027	2.46028	2.12141	0.0592919	0.214492	0.659244	0.946037	0.170316	1.27067	3.4375	0.257051	0.388075	1.49175	0.0591839	1.52784	1.2928	2.88457	1.16465	0.196499	0.722892	1.26831	2.35995	0.752103	3.26595	0.127993	0.430601	0.768938	1.24253	0.469073	0.784439	1.63538	0.269209	0.502457	0.434888	0.212964	1.35056	0.328213	0.281476	0.858103	1.1702	0.91711	1.11129	0.879169	0.972425	1.29363	1.64058	1.85831	0.0979526	0.38808	0.980291	1.41772	0.869236	1.4699	1.26685	0.246331	1.47035	0.654744	2.89118	1.56401	0.593125	0.593305	0.594998	0.934778	0.382724	0.52639	1.05604	2.54423	0.706366	2.40419	0.724812	0.338132	0.584954	2.46296	1.00073	0.445099	0.203462	0.897443	1.15788	

0.03607	0.00369403	0.0181749	0.0214546	0.0056538	0.0285532	0.0191186	0.00997263	0.31223	0.0155927	0.0168784	0.0320489	0.00794177	0.0235298	0.249139	0.106074	0.0593808	0.0178265	0.00185433	0.0148114	
0.0418339	0.0140011	0.0146688	0.0158106	0.173391	0.0178597	0.0198346	0.0943191	0.0215198	0.13721	0.0271267	0.0223934	0.0104807	0.017855	0.0225581	0.0259653	0.0261351	0.070565	0.0383339	0.188137	
0.0319415	0.325031	0.0132104	0.00209882	0.0235514	0.0140467	0.000947614	0.210621	0.00117721	0.117503	0.0189225	0.0117835	0.00441489	0.00209191	0.00066979	0.00889306	0.011212	0.190677	0.00232654	0.00888019	
0.0403089	0.00314506	0.0199397	0.0916135	0.0176817	0.0120512	0.0142959	0.0694671	0.194197	0.0669706	0.0410016	0.0259341	0.0156981	0.0451939	0.13728	0.0387455	0.0542282	0.0761647	0.00528508	0.030798	
0.0755241	0.00482448	0.0958507	0.123512	0.0108174	0.0518661	0.0191031	0.0140067	0.149381	0.0291501	0.0241067	0.0783429	0.0133776	0.0503163	0.0749081	0.105556	0.0387418	0.020031	0.00191811	0.0186658	
0.0578656	0.0085999	0.0407355	0.093357	0.0275437	0.0172943	0.0234495	0.0743178	0.0420628	0.0730106	0.0345443	0.0544707	0.00989526	0.0711856	0.0318301	0.088989	0.107348	0.0944475	0.0042707	0.0447826	
0.0402244	0.00707723	0.0954261	0.168546	0.0696197	0.0116242	0.00742701	0.0587206	0.0182138	0.23599	0.101497	0.0208149	0.00429163	0.0229856	0.00959916	0.0277188	0.0214902	0.0550746	0.00410478	0.0195536	
0.162345	0.0208419	0.00601976	0.0124296	0.0232659	0.391909	0.00690763	0.0372675	0.019122	0.0483415	0.0200852	0.0176467	0.00619281	0.00936807	0.0202405	0.112397	0.0319279	0.0409242	0.00106467	0.0117039	
0.329984	0.0769092	0.0016987	0.00407289	0.0373468	0.0498125	0.00597425	0.085607	0.00499039	0.10939	0.0522423	0.00384	0.00308047	0.00446919	0.00388873	0.0493742	0.0442872	0.11225	0.00554533	0.0152365	
0.0599733	0.00769865	0.0225827	0.0400714	0.0159536	0.0259106	0.00790538	0.102488	0.0352208	0.0627654	0.0211392	0.0139888	0.289932	0.019654	0.0265632	0.0453819	0.0391618	0.144745	0.0017488	0.0171158	
0.0136886	0.00340706	0.0835239	0.0299771	0.0123661	0.183826	0.00990967	0.235959	0.0292186	0.107703	0.0211108	0.125876	0.00774972	0.0174043	0.0182205	0.0245785	0.0176193	0.0469414	0.00248372	0.00843596	
0.100051	0.0862847	0.0354219	0.00907893	0.00462979	0.0268046	0.01477	0.0137734	0.0243999	0.0171246	0.00667916	0.29387	0.0014542	0.0081169	0.00825632	0.230253	0.0922145	0.0215902	0.000552706	0.00467329	
0.0322986	0.0134991	0.0198929	0.026524	0.0210881	0.00471424	0.0108826	0.0973447	0.0232758	0.0402153	0.0180978	0.0272573	0.00526918	0.0162598	0.0185709	0.11353	0.330642	0.147922	0.00318195	0.0295335	
0.272137	0.0101655	0.00665825	0.00981448	0.0157659	0.0372259	0.0143306	0.0319044	0.0172811	0.0562248	0.0338537	0.0197134	0.0314575	0.0182378	0.0550638	0.275962	0.0294779	0.0332676	0.00413718	0.0273212	
0.0433145	0.00976349	0.025491	0.0179998	0.0101418	0.0213523	0.00853125	0.00182566	0.0271571	0.0225703	0.00542231	0.0245438	0.0146905	0.00612018	0.0137685	0.416789	0.312399	0.00515013	0.00572548	0.0072442	
0.306244	0.0104404	0.0751464	0.0216217	0.00704384	0.015233	0.00351872	0.0171708	0.016002	0.0134103	0.00139432	0.0336584	0.00988597	0.280611	0.00541393	0.0556541	0.075413	0.0473136	0.000106087	0.00471837	
0.0825662	0.0520854	0.0168892	0.0302459	0.0578468	0.00700585	0.179102	0.0366045	0.0486751	0.0901182	0.0140122	0.0317808	0.00303619	0.0187588	0.0383839	0.0464111	0.0255927	0.0540067	0.00313341	0.163745	
0.0222679	0.0169855	0.00893424	0.00211384	0.0188703	0.00438621	0.477278	0.025732	0.00879439	0.222824	0.0309582	0.0229356	0.0055954	0.0142202	0.0292223	0.0407737	0.0162205	0.0147026	0.00015819	0.0170264	
0.0539403	0.00271607	0.0146473	0.0822412	0.0245395	0.00400911	0.0763596	0.0281827	0.0279166	0.0939307	0.021725	0.0122603	0.0124653	0.324878	0.0245485	0.0642542	0.0568382	0.0222444	0.0134645	0.0388385	
0.0283416	0.0586879	0.00604913	0.00947245	0.129891	0.0139434	0.015736	0.121583	0.0039267	0.38229	0.0250547	0.0218523	0.00307883	0.0117187	0.00635156	0.0322045	0.0458224	0.0603556	0.00149642	0.0221431	
0.168896	0.0353416	0.000492231	0.00429731	0.0711418	0.187857	0.000291903	0.0375225	0.00094696	0.0254198	0.0931569	0.001709	0.0198674	0.00788012	0.0309106	0.0603932	0.20025	0.0486655	0.0024355	0.00252463	
0.0402284	0.00722964	0.00378902	0.00918881	0.0109698	0.0318509	0.0180505	0.0348547	0.0975698	0.0187883	0.0120789	0.0431121	0.0222237	0.018535	0.476773	0.0548096	0.0469376	0.0270084	0.00178845	0.0242128	
0.0587266	0.00821848	0.00492567	0.0317934	0.0167229	0.0220469	0.0162524	0.0383465	0.123621	0.0903946	0.194034	0.00986271	0.0105925	0.0251149	0.161011	0.0896327	0.025021	0.0490698	0.00345863	0.0211549	
0.259254	0.0369238	0.00386654	0.00620325	0.00573092	0.00494038	0.0026998	0.0606259	0.00570225	0.307645	0.0196301	0.00391887	0.00699713	0.00350152	0.00134334	0.052542	0.024376	0.185144	0.000253621	0.00870157	
0.0343082	0.0472141	0.184595	0.0068275	0.0156509	0.00162552	0.00709846	0.20441	0.00672353	0.0477154	0.197552	0.0682375	0.0159476	0.00694282	0.00192473	0.0400025	0.0143318	0.0628415	0.00583252	0.0302183	
0.0382657	0.0102197	0.120759	0.0262991	0.0954018	0.0252883	0.0895652	0.00240614	0.0159088	0.0162336	0.105279	0.0681645	0.0158227	0.248525	0.0116752	0.0551015	0.0181118	0.00607712	0.00174519	0.029151	
0.20803	0.400306	0.0020065	0.00389263	0.00232031	0.0256327	0.008489	0.0422699	0.00261207	0.0251004	0.0341717	0.000758062	0.0117565	0.0072154	0.00198092	0.0678939	0.0646701	0.0891354	1.03817e-05	0.00174773	
0.0762906	0.0190784	0.0454402	0.101909	0.16933	0.0287955	0.0174834	0.0134214	0.0327568	0.0198106	0.00995481	0.0316802	0.217843	0.0467678	0.00504403	0.0780683	0.0478811	0.0203826	0.000362739	0.0176992	
0.0339353	0.0358548	0.0037798	0.0985295	0.0412391	0.137407	0.0105885	0.137144	0.0189762	0.0240223	0.0246041	0.00665427	0.0047531	0.0238926	0.0167837	0.0178419	0.0280398	0.193142	0.076317	0.0664955	
0.171556	0.016836	0.0122753	0.0093234	0.0308348	0.00743731	0.00426628	0.153242	0.00637373	0.0491255	0.0595927	0.0807775	0.00218668	0.0180021	0.00337183	0.0849898	0.0717287	0.203088	0.00338197	0.0116109	
0.0317247	0.0617852	0.00560271	0.0217595	0.00312132	0.0299543	0.0159127	0.169107	0.0994281	0.146387	0.029109	0.0769652	0.00151918	0.0223357	0.0835474	0.0499868	0.0808056	0.0563673	0.00451948	0.0100612	
0.00489036	0.000585747	0.109994	0.0473845	0.00132906	0.0299062	0.00108062	0.0650283	0.0228932	0.0626715	0.0946549	0.103623	0.001087	0.0147875	0.0167462	0.0903978	0.202413	0.0615867	0.000864074	0.068077	
0.0872209	0.00126205	0.105486	0.119235	0.00670812	0.13622	0.00711987	0.0189378	0.0468866	0.0756742	0.0172162	0.0673878	0.00527991	0.0409698	0.0957955	0.123083	0.0361948	0.00141836	0.000671977	0.00723293	
0.046473	0.00337654	0.022775	0.0413371	0.0076064	0.0109841	0.018378	0.236742	0.0550394	0.0639466	0.0280239	0.0140499	0.00336345	0.0371936	0.135129	0.0140458	0.0268338	0.12004	0.0980354	0.0166276	
0.0175342	0.0121437	0.363529	0.00651509	0.149288	0.00370644	0.00596667	0.0205942	0.00243966	0.125174	0.124101	0.118996	9.79344e-05	0.000590552	0.00945129	0.0160926	0.00642876	0.00882318	0.00080821	0.00771937	
0.273036	0.00475996	0.0552406	0.0488784	0.00390852	0.0259078	0.0055587	0.0439551	0.0677549	0.0876709	0.0197517	0.148763	0.00574637	0.0129471	0.0192864	0.119948	0.0178842	0.020966	0.00640791	0.0116282	
0.116546	0.0951689	0.0112001	0.0190583	0.00685022	0.0801615	0.0774693	0.0986941	5.13999e-08	0.020163	0.0814287	0.108462	0.00256545	0.153498	0.0110808	0.031524	0.0313976	0.0412301	0.000941461	0.0125614	
0.0159529	0.00237529	0.00861421	0.177595	0.0519903	0.186154	0.023938	0.0975997	0.0024859	0.18876	0.0101399	0.0146363	0.00180287	0.103069	0.0023925	0.024232	0.0216142	0.0583077	0.00413664	0.00420347	
0.148762	0.0568438	0.143519	0.0159469	0.0876603	0.053938	0.00450653	0.122191	3.15075e-05	0.0409964	0.0019628	0.00747807	0.000470696	0.00895312	0.00433508	0.19801	0.0604523	0.00172988	0.0421407	7.19028e-05	
0.0220849	0.153736	0.097683	0.0232935	0.00837809	0.0193989	0.0848098	0.0200648	0.00242223	0.068114	0.2775	0.0389186	0.000770205	0.0138182	0.00299617	0.0696265	0.0173518	0.0489936	1.72195e-06	0.0300377	
0.0175407	0.000109468	0.174681	0.0151004	0.107949	0.0340857	0.00466221	0.0159064	0.1238	0.0488902	0.0154992	0.104325	0.0352834	0.038597	0.0253255	0.0711307	0.0421098	0.050867	7.24417e-05	0.0740649	
0.0520528	0.0177851	0.179339	0.0283079	0.0588518	0.0320077	0.00208747	0.0571373	0.0703974	0.0395552	0.00840579	0.149341	0.0148964	0.000711246	0.0377389	0.0306241	0.0380041	0.0419204	0.00609373	0.134743	
0.0702616	0.00815432	0.00820894	0.017737	0.0451809	0.120769	0.0481555	0.00640645	0.0735384	0.082277	0.0243545	0.069165	0.00149121	0.000761126	0.0435659	0.109363	0.00498903	0.201963	0.00740743	0.0562501	
0.181339	0.0255553	0.00837877	0.0672822	0.128294	0.021114	0.0230688	0.0596833	0.00504448	0.00727007	0.0579753	0.0420188	0.0018744	0.000404851	3.13715e-05	0.235393	0.0191332	0.102185	0.0083698	0.00558475	
0.0103474	0.00107503	0.0436783	0.00380033	0.219307	0.0770223	0.00976826	0.0138776	0.00704366	0.00933798	0.00595995	0.0996855	0.154181	0.0107141	0.0173223	0.132036	0.0664326	0.0283346	2.9676e-05	0.090046	
0.0314775	0.0804513	0.101392	0.0272731	0.00997117	0.0915922	0.0143365	0.0397222	0.0032927	0.055274	0.0212756	0.0179389	0.00453017	0.0366349	0.107378	0.0705351	0.0549076	0.0184018	0.0124836	0.201132	
0.127901	0.00818133	0.0787897	0.0191853	0.0927993	0.117382	0.038345	0.0761956	0.00511115	0.0364111	0.0725906	0.00910712	0.00262951	0.00349862	0.0351372	0.122603	0.0927036	0.0158031	0.0409652	0.00466036	
0.0398242	0.042363	0.0997195	0.0355368	0.0888909	0.0809917	0.000111388	0.163232	0.0482805	0.0408084	0.0473371	0.00711283	0.0536173	0.0199454	0.00281547	0.0384653	0.0372753	0.132043	9.01402e-05	0.0215396	
0.011863	0.0207977	0.00938041	0.0017247	0.00102917	0.0868979	0.0795973	0.133045	0.0234579	0.0478551	0.0696155	0.0843168	0.128666	0.0235351	0.00285194	0.187398	0.056269	0.0297196	0.00174761	0.000232724	
0.218381	0.0557698	0.0163027	0.0180879	0.134834	0.0579015	0.00119157	0.0172068	0.0214606	0.046329	0.0493931	0.00669074	0.00735224	0.000765041	0.0608286	0.0479474	0.115729	0.0791409	0.00629876	0.0383898	
0.1315	0.00625952	0.0567482	0.0776213	0.053178	0.0591669	0.00514974	0.0256123	0.0741267	0.09814	0.0466561	0.00409568	0.00102493	0.130068	0.0872526	0.0412218	0.0232685	0.0227071	0.0159911	0.0402122	
0.0142147	0.0999141	0.0701077	0.0209997	0.0295801	0.0500317	0.0464153	0.0519909	0.0386905	0.021812	0.0144754	0.118136	0.0342107	0.00127859	0.09622	0.154599	0.060968	0.00306531	0.0148686	0.058422	
0.292119	0.0840971	0.00300143	0.0601282	0.0128644	0.00890965	0.00655389	0.0448729	0.0375058	0.121565	0.0412999	0.0354443	0.000487512	0.00721339	0.0922764	0.0409416	0.0791923	0.00449913	0.0258951	0.00113238	
0.141504	0.0136424	0.0528486	0.000784492	0.0207597	0.0343309	0.00715396	0.193736	0.0752962	0.0313309	0.00135746	0.0528165	0.0019499	0.0276063	0.00373368	0.192262	0.0164914	0.0812732	0.0492347	0.00188748	
0.198509	0.0212519	0.00383256	0.055512	0.00257515	0.0223293	0.0052156	0.0687209	0.0173961	0.0174627	0.0198003	0.0341416	0.138977	0.0854297	0.018063	0.0445876	0.102832	0.0245962	0.000662364	0.118105	
0.134406	0.124362	0.0899724	0.0222044	0.0532771	0.103907	0.00347524	0.00566576	0.0124462	0.010311	0.000846188	0.101813	0.0454592	0.0358282	0.0361144	0.0292166	0.0876512	0.0519027	0.050527	0.000614353	
0.182425	0.0170082	0.0077333	0.0069514	0.055059	0.0592641	0.0257548	0.15017	0.0125499	0.0241676	0.0246471	0.0944265	0.0004609	0.0845199	0.0800985	0.0591581	0.0694377	0.0136982	0.00054498	0.0319251	
0.132655	0.0400977	0.0704215	0.00728795	0.00629754	0.048837	0.0120494	0.0079127	0.0324631	0.1439	0.0418201	0.00677067	0.0457035	0.0520859	0.121657	0.0168387	0.0392139	0.0497236	0.00286029	0.121405	
0.0629886	0.0678917	0.00527007	0.00133978	0.0285667	0.0816408	0.00148104	0.0948711	0.0631672	0.0617226	0.0012562	0.01596	0.103174	0.040454	0.0255281	0.0068716	0.0751464	0.227836	0.0156128	0.019221	
0.242179	0.00204432	0.00560917	0.00802359	0.148305	0.0968161	0.0137751	0.00211884	0.00422291	0.012753	0.0968961	0.0567169	0.039542	0.0648012	0.00223913	0.118239	0.0145151	0.0693896	0.000147904	0.00166567	
0.111217	0.0339463	0.0260129	0.0156948	9.48169e-05	0.0464863	0.0112962	0.0652142	0.0109402	0.0264916	0.0172649	0.0231201	0.00274009	0.227527	1.80852e-05	0.0301494	0.193656	0.156899	0.00118498	4.59173e-05	
0.0834001	0.0505612	0.0546049	0.00300057	0.0352296	0.0354358	0.00054242	0.04517	0.098704	0.131642	0.0212989	0.000146645	0.0275252	0.0557881	0.0495363	0.0379525	0.097853	0.0268038	0.000143816	0.144662	
0.0257809	0.0771512	0.0408052	0.123725	0.0263575	0.0603896	0.0445314	0.038698	0.000622458	0.0302329	0.00160501	0.0387124	0.0149023	0.00705921	0.0051938	0.0207806	0.0549529	0.0938285	0.00663699	0.288034	
0.0950522	0.0389849	0.0295246	0.00888143	0.0965362	0.0505152	0.00234099	0.00801205	0.0557986	0.0933798	0.0484752	0.0157808	0.105316	0.0290501	0.0118018	0.152913	0.10525	0.0102488	0.000854517	0.0412827	
0.17858	0.0436977	0.0597387	0.0118703	0.000329067	0.0708075	0.117351	0.0268504	0.012	0.183005	0.0866602	0.0160025	0.00282888	0.00603544	0.0552591	0.0419364	0.0353397	0.0324857	1.33226e-06	0.0192203	
0.0618316	0.00122479	0.0755433	0.0390239	0.0456404	0.010111	0.0430223	0.109038	0.0234824	0.189212	0.0170928	0.000199663	1.09346e-09	0.0489862	0.00554364	0.143341	0.0218827	0.14367	0.00100731	0.0201476	
0.0649337	0.0402168	0.0125317	0.019133	0.0158954	0.170652	0.0852369	0.0212148	0.0332435	0.0120692	0.00849578	0.0233514	0.0112774	0.0396315	0.0266268	0.209393	0.156773	0.044238	2.88811e-05	0.0050566	
0.0482789	0.0876371	0.057086	0.011797	0.0517108	0.0376373	0.134347	0.0400458	0.00896083	0.0064847	0.0274583	0.017098	0.0296661	0.0268665	0.0366472	0.0402069	0.207009	0.0544565	0.00422959	0.0723756	
0.128035	0.122392	0.00343344	0.00416206	0.0550422	0.143069	0.0329432	0.00838343	0.00763191	0.0892687	0.0155075	0.050565	0.0975119	0.0651622	0.00289329	0.0236867	0.0947965	0.036627	0.0161213	0.00276787	
0.142504	0.00191864	6.03972e-05	0.000990774	0.0521889	0.148638	0.00263411	0.0151833	0.15049	0.0290277	0.00505184	0.0353476	0.039039	0.00940734	0.0210772	0.00937756	0.0560369	0.109505	0.0778664	0.0936559	
0.0987852	0.0175292	0.0417119	0.0662485	0.00334251	0.0259271	0.00323624	0.0413913	0.158364	0.0132459	0.0204617	0.0216551	0.15075	0.0250064	0.0211031	0.119	0.0247324	0.0124544	0.0074658	0.12759	
0.121925	0.0489653	0.00367209	0.000698913	0.00864648	0.0961858	0.00111495	0.00591622	0.0340867	0.0784375	0.0608911	0.150528	0.0014536	0.0902538	0.0130619	0.128498	0.0136064	0.10667	0.0055993	0.0297887	
0.189823	0.108102	0.00277577	0.00184863	0.0243583	0.0336417	0.00392692	0.00561826	0.0715326	0.00230809	0.0095917	0.00209672	0.0239055	0.190518	0.00355184	0.164971	0.11688	0.0236289	0.00889272	0.0120292	
0.136176	0.000882238	0.0388263	0.013684	0.0193746	0.133938	0.0287811	0.00662297	0.0970126	0.0654182	0.0110826	0.0599541	0.00057513	0.0333404	0.0618845	0.172762	0.0578242	0.0441503	8.45194e-05	0.0176251	
0.261161	0.0435909	0.00248623	0.0413481	0.00393327	0.125344	0.00290067	0.00793527	1.09917e-05	0.120291	0.0624588	0.03264	0.0110101	0.0305584	0.0164324	0.00653068	0.164388	0.0492918	0.000644884	0.0170441	
0.061728	0.00115488	0.14561	0.00235368	0.0313307	0.0040323	0.00383523	0.0795717	0.0926276	0.131308	0.0027712	0.0424168	0.00130924	0.0439991	0.0056242	0.199474	0.0891048	0.0144017	0.00247746	0.0448682	
0.309027	0.00701254	0.00949636	0.029207	0.077607	0.102737	0.00176095	0.0448342	0.0525155	0.0063019	0.0585165	0.0829976	0.000828644	0.00239735	0.012127	0.063103	0.0920418	0.00526229	1.26669e-05	0.0422134	
0.139268	0.0182054	0.094427	0.113516	0.0879948	0.117471	9.871e-05	0.0260855	0.0185117	0.0983366	0.00599512	0.0667749	0.0165022	0.0406875	0.0234292	0.112217	0.0164914	0.00253449	8.47837e-07	0.00145284	
0.0925847	0.000111739	0.261332	0.00276858	0.118816	0.0531783	0.00911548	0.0227416	0.00206642	0.086772	0.0264963	0.0590327	0.000635582	0.106905	0.0163813	0.0811559	0.00253054	0.0155864	0.0403092	0.00148034	
0.0134417	0.0176419	0.0656308	0.0540956	0.00350453	0.0712449	0.148822	0.0804412	0.000605548	0.203591	0.0836472	0.0808722	0.00118921	0.00773336	0.00894575	0.0658615	0.0370012	0.0409176	0.00303649	0.0117758	
0.0586663	0.151828	0.00992583	0.00604125	0.0292008	0.0755667	0.011121	0.131121	0.0754858	0.00500929	0.00331966	0.0827645	3.27876e-06	0.0284321	0.032516	0.0741342	0.0067855	0.195506	0.0225584	1.44518e-05	
0.107554	0.0928688	0.00353629	0.00164473	0.0482621	0.0764269	0.0001095	0.0540929	0.0124183	0.015276	0.111773	0.0843058	0.031668	0.0682663	0.020592	0.0545184	0.0573716	0.0431392	0.000285705	0.115891	
0.0251036	0.101436	0.0110448	0.0208733	0.000250798	0.0739887	0.0343229	0.0324335	0.000317187	0.050675	0.00620907	0.0923962	0.0177804	0.143117	0.0268025	0.0563431	0.128709	0.0888392	2.04485e-06	0.0893556	
0.0347858	0.132806	0.0682326	0.0546156	0.0233176	0.0231781	0.00590286	0.0269674	0.15133	0.253388	0.00134897	0.015443	5.77506e-05	0.0369311	0.0777524	0.0143465	0.0243829	0.0478695	0.00193869	0.00540549	
0.0095429	0.0378788	0.0440529	0.0742217	0.0240672	0.00454805	0.0142779	0.021754	0.0107886	0.0389627	0.111268	0.0593467	0.00460657	0.00499027	0.267964	0.0245857	0.0293904	0.0871565	0.0132471	0.11735	
0.156182	0.0273304	0.00539379	0.0114509	0.146073	0.071015	0.0494078	0.0277585	0.00138223	0.00452629	0.00446231	0.0768116	0.0544486	0.00315321	0.000196819	0.164635	0.0983846	0.0957906	1.87063e-05	0.00157817	
0.000109629	0.00457474	0.0204512	0.0525698	0.0660225	0.146908	0.0294294	0.00733188	0.00220116	0.10115	0.0327595	0.103935	0.00141438	0.0875377	0.0246147	0.118837	0.0290777	0.108195	0.0270711	0.0358089	
0.0716611	0.05953	0.0326531	0.00133895	0.0183306	0.160159	0.00399023	0.0655987	0.148737	0.0275402	0.0208783	0.040524	0.00256627	0.0282424	0.0877755	0.074423	0.0159759	0.093066	0.00992935	0.0370805	
0.13793	0.00906306	0.0463869	0.000959853	0.112197	0.124428	0.00804739	0.0736691	0.00470119	0.0523198	0.00292787	0.00472164	0.0182949	0.114618	0.0395048	0.120973	0.0273413	0.000394864	0.0442347	0.057287	
0.0483118	0.0338048	0.00494071	0.00496363	0.0345797	0.0402243	0.0237552	0.0469124	0.00593869	0.077542	0.00472647	0.0582731	8.92501e-06	0.130857	0.0500892	0.0957438	0.0502313	0.187017	0.0934326	0.00864751	
0.00939552	0.0177751	0.143501	0.00381011	0.124838	0.0296671	0.104575	0.10247	0.0295496	0.0612491	0.00124747	0.00319213	0.0125152	0.00803517	0.0313358	0.160595	0.0560759	0.0303606	0.029581	0.0402311	
0.0279382	0.0223052	0.0188828	0.0159671	0.165647	0.118942	0.116069	0.0200171	0.00199566	0.0609856	0.0248091	0.16702	0.010136	0.00672674	0.0848373	0.0044999	0.0568604	0.0653751	0.00575336	0.00523234	
0.118541	0.00781146	0.117686	0.0095682	0.0532759	0.0235311	0.0123975	0.00323366	0.000264672	0.0328164	0.00324876	0.0860457	0.0467127	0.0953928	0.0489439	0.0275807	0.185976	0.0509594	0.0527149	0.0232984	
0.022936	0.00182474	0.0308617	0.0512082	0.111337	0.0400578	0.107054	0.0384068	0.109484	0.0232117	0.00104678	0.0798489	0.00412771	0.0245551	0.0840702	0.0349787	0.0921718	0.138568	0.0042498	3.75037e-07	
0.178427	0.0922828	0.0929069	0.00317099	0.064184	0.0567328	0.000934302	0.0496656	0.0307529	0.0791306	0.0190994	0.05878	0.0152629	0.0769827	0.000539449	0.0152495	0.0579939	0.0381574	0.00135771	0.0683887	
0.088076	0.040872	0.224618	0.00250181	0.0177603	0.0270782	0.011377	0.0559236	0.00549569	0.00424781	0.0293684	0.0248911	0.00011853	0.176652	0.0195735	0.0312948	0.181876	0.0364618	0.00840745	0.0134061	
0.120447	0.0184771	0.00301103	0.0419614	0.0200517	0.018656	0.0136562	0.164997	2.72374e-06	0.18799	0.0292871	0.0530549	0.0216451	0.0406881	0.0034713	0.188038	0.00723295	0.0462671	1.67561e-06	0.0210632	
0.065728	0.0059912	0.0192926	0.0037077	0.0113512	0.0134035	0.247075	0.221916	0.0189654	0.120891	0.0191681	0.0231096	0.00780139	0.0517369	0.0132521	0.035152	0.0740051	0.0447977	2.08224e-06	0.00265249	
0.121728	0.00286527	0.0178106	1.6451e-05	0.117729	0.0650834	0.0142496	0.0918716	0.152518	0.0158717	0.0305767	0.0333044	0.0346812	0.00173795	0.0196442	0.017637	0.126322	0.0886816	0.0402456	0.00742636	
0.125318	0.0869678	0.0337564	0.0381887	0.00860905	0.0327982	0.0311841	0.0101583	0.00101237	0.0775644	0.00411639	0.139398	0.00227176	0.0603404	0.00342955	0.0581049	0.138151	0.0973185	0.0385657	0.0127478	
0.0496525	0.00617038	0.0171532	0.0336571	0.012936	0.0642819	0.0139098	0.251256	0.0406944	0.0462521	0.146011	0.0725059	0.00481888	0.00555237	0.0059759	0.051355	0.089176	0.0851966	0.000446521	0.00299821	
0.169237	0.0310234	0.0818198	0.000964024	0.0428224	0.134166	0.0680387	0.00248319	0.00108658	0.0755703	0.0497443	0.0103149	0.0242147	0.0508383	0.000340661	0.0266622	0.159165	0.00189066	0.0220329	0.0475852	
0.0356757	0.0048056	0.0424347	0.000653326	0.123976	0.044299	0.0395389	0.0308239	0.0215035	0.00924782	0.00323386	0.0979512	0.167116	0.13935	0.0288266	0.0560017	0.120384	0.0106392	0.0106249	0.0129145	
0.26774	0.0238248	0.00849646	0.100893	0.0536192	0.15178	0.0028782	0.0294666	0.00779227	0.0101313	0.0115407	0.0130165	0.00130873	0.0188797	0.0314661	0.0491078	0.130685	0.0646466	0.00481716	0.0179109	
0.0812164	0.0790755	0.0237817	0.00201863	0.021336	0.0142415	0.0355112	0.0116518	0.0761305	0.0642975	0.0391735	0.00268961	0.00195582	0.0257172	0.0354934	0.202347	0.0436737	0.208078	0.0219083	0.00970314	
0.0843376	0.0618101	0.0331998	0.00199332	0.0794695	0.0549684	0.0382092	0.00844384	0.00030452	0.0185359	0.0553894	0.188346	0.0128793	0.111313	0.00897096	0.0619848	0.0170892	0.136318	0.000641721	0.0257959	
0.081814	0.0372089	0.0281645	0.00122925	0.0545551	0.111945	0.00643405	0.0883277	0.159936	0.0481166	0.0645887	0.0791065	0.0162616	0.0843931	0.000787302	0.0441371	0.0342004	0.0156869	0.0173939	0.0257141	
0.0185507	0.0148501	0.00772602	0.177645	0.0178691	0.000756739	0.0276257	0.0302984	0.000384116	0.157527	0.026595	0.0350243	0.0015859	0.202835	0.00284372	0.109567	0.0260066	0.102611	0.00542454	0.0342749	
0.0494786	0.0232175	0.0247818	0.175386	0.149	0.0257584	0.00155542	0.0570144	0.00818556	0.0634363	0.0213189	0.0820428	0.0564233	0.0107357	0.00238757	0.199645	0.0020349	0.0171041	0.0117334	0.0187613	
0.0864249	0.080468	0.0215145	0.00144639	0.0107741	0.067757	0.00321599	0.0154476	0.113949	0.0613738	7.40649e-05	0.0447961	0.000782936	0.0335914	0.127496	0.154586	0.0651201	0.0934717	0.000544348	0.0171654	
0.126003	0.00882132	0.0879649	0.0132962	0.0889275	0.0527835	0.02012	0.0751916	0.0201887	0.0268269	0.0025756	0.00551326	0.00972347	0.0775375	0.0909902	0.10136	0.0825926	0.109274	5.77454e-05	0.000251853	
0.0601092	0.0690208	0.00560317	0.00311903	0.00073899	0.0329497	0.0276868	0.0441598	0.000932431	0.0196183	0.0296809	0.027279	0.0588732	0.221599	0.0128857	0.0917898	0.1607	0.116956	0.00115365	0.0151442	
0.0195165	0.0975895	0.0202571	0.0238745	0.0178782	0.0491363	0.0108377	0.000963012	0.0189373	0.0180136	0.00717589	0.183726	0.0681103	0.188005	0.0150544	0.0498281	0.0992151	0.103537	0.0024385	0.00590622	
0.0363537	0.0258157	0.062452	0.0160874	0.14163	0.0403067	0.0646825	0.0395093	0.0123871	0.170005	0.0061292	0.00893892	0.0559263	0.0911762	0.0319821	0.0198556	0.114522	0.0496023	0.00938528	0.00325258	
0.109798	0.0474339	0.0197151	0.0112442	0.0556518	0.00338213	0.0824215	0.0226516	0.0441576	0.0223064	0.0119801	0.0070424	0.00971097	0.167124	0.186468	0.0432034	0.0350179	0.0993817	4.15868e-05	0.0212679	
0.0332198	0.129319	0.0181249	0.0184817	0.00013322	0.122722	0.0283985	0.0963167	0.0354333	0.122315	0.0071403	0.042951	0.00774877	0.0726316	0.0991542	0.0245629	0.0215503	0.0135938	0.00313103	0.103072	
0.0591244	0.0263279	0.0394138	0.0189847	0.0871595	0.00693597	0.119926	0.0840954	0.129217	0.0801654	0.00594019	0.0660554	0.023502	0.00204186	0.000975403	0.0858121	0.0969048	0.0639199	0.00286841	0.000629953	
0.0116407	0.000202447	0.104151	0.0098015	0.0170686	0.0159964	0.0167802	0.106282	0.010787	0.050496	0.000847417	0.174136	0.0648373	0.085775	0.0590015	0.0702657	0.0813059	0.0474232	1.41207e-08	0.0732016	
0.0178875	0.0648681	0.162327	0.0256071	0.0571985	0.0971091	0.0112437	0.0317245	0.00942347	0.0132793	0.0120039	0.0379538	0.0234336	0.0026953	0.0124611	0.0850331	0.219677	0.0216771	0.0243256	0.0700709	
0.0887764	0.05539	0.0802246	0.105883	0.106227	0.0155808	0.0381299	0.057135	0.00029926	0.0384933	0.0107598	0.0743957	0.0618733	0.00133085	0.0428329	0.121133	0.0550035	0.0227813	0.0188513	0.00489927	
0.140315	0.00720464	0.0853619	0.0196875	0.0953162	0.217045	0.00961575	0.0379755	0.0367607	0.00101422	0.161884	0.00616655	0.0044893	0.00544589	0.0014908	0.0486031	0.0179445	0.0625796	0.00250105	0.0385994	
0.102315	0.0118659	0.0484089	0.00289761	0.0130216	0.00366328	0.00255411	0.0133884	7.39488e-05	0.1186	0.0886445	0.00945558	0.0201037	0.0229714	0.0133399	0.0500408	0.265998	0.154854	0.0335949	0.0242088	
0.0578625	0.0158812	0.0272738	0.0114592	0.127102	0.00676164	0.00743972	0.028954	0.00888989	0.0847002	0.00524211	0.0531756	0.0836182	0.240784	0.0113568	0.0188625	0.0400543	0.0385122	0.0130879	0.118982	
0.0147369	0.000182237	0.160227	0.000271913	0.012058	0.0225178	0.0160579	0.0305192	0.00229573	0.314783	0.00246907	0.0675065	0.000129948	0.0469793	0.0253447	0.0728898	0.117207	0.0481066	0.00133996	0.0443779	
0.0710283	0.118554	0.00492316	0.00280348	0.0186358	0.0343059	0.0166564	0.0402088	0.00101334	0.0446047	0.0111608	0.111092	0.0679834	0.179929	0.0120648	0.147086	0.052086	0.0497006	0.000121817	0.0160414	
0.10422	0.0666402	6.79545e-05	0.0869578	0.0244649	0.108961	0.00367823	0.00256642	0.0206508	0.028819	0.0659458	0.0799473	0.00581046	0.00277901	0.110982	0.0980185	0.00632827	0.144756	0.0122359	0.0261703	
0.00560497	0.0336035	0.00944818	0.00818256	0.102723	0.24943	0.0923475	0.108976	0.0132431	0.0153096	0.0366353	0.0305114	0.0127205	0.027778	0.094716	0.0125336	0.0369301	0.026414	0.00820676	0.074686	
0.0595058	0.033874	0.0144288	0.000297407	0.0509791	0.0764452	0.0301687	0.0416463	0.00229781	0.0917171	0.0901137	0.172043	0.0124767	0.0306716	0.0203643	0.122613	0.022185	0.0288012	0.0104037	0.0889686	
0.0851432	0.103324	0.0582623	0.120699	0.0053607	0.00160317	0.0189286	0.000923679	0.0329347	0.0390525	0.00710775	0.0615459	0.0194384	0.140732	0.0960475	0.0500919	0.139141	0.0125901	0.00238646	0.00468613	
0.0689089	8.42049e-05	0.0320206	0.0125075	0.0546092	0.231132	0.0412641	0.105749	0.00386904	0.0943185	0.0180221	0.000401612	0.0294071	0.000256157	0.0110255	0.0295329	0.126713	0.056642	0.0111416	0.0723949	
0.0894612	0.0082988	0.0100377	0.00437995	0.142044	0.0917613	0.0105864	0.0269504	0.00257004	0.0849466	0.0346494	0.0301684	0.0835215	0.120346	0.0459227	0.0547056	0.0346212	0.0326184	0.083954	0.00845697	
0.0617419	0.0804226	0.192439	0.00211647	0.0241792	0.004832	0.00619312	0.0308603	0.0563426	0.0797209	0.0102301	0.00731613	0.0396819	0.0276775	0.114412	0.0462829	0.0208566	0.10786	0.0514629	0.0353724	
0.0737572	0.0126646	0.00036244	0.0266406	0.0216634	0.0031186	0.00850266	0.059438	0.0811453	0.0807454	0.00687364	0.035335	0.0118579	0.0835207	0.0961201	0.0870714	0.290602	0.0128394	0.000613027	0.00712841	
0.0202909	0.00231098	0.0960243	0.207558	0.00128655	0.0766048	0.0118421	0.0315126	0.018099	0.02019	0.00819463	0.0705239	0.0151907	0.0992221	0.0352825	0.0250189	0.0484386	0.0460605	0.0266815	0.139667	
0.0765341	0.155479	0.0386746	0.00429709	0.0070553	0.0122238	0.000832821	0.0491211	0.00128999	0.103033	0.00268848	0.0242581	0.00429381	0.258115	0.042029	0.0604723	0.00436555	0.114585	0.0198793	0.0207718	
0.230408	0.00732708	0.0188228	0.0131796	0.0142239	0.019452	0.0171221	0.117193	0.0188499	0.00466877	0.0543907	0.110338	0.00344741	0.0433275	0.0761944	0.0631655	0.10775	0.0501021	0.00117125	0.0288666	
0.0935758	0.0666651	0.0198489	0.00366155	0.00132659	0.0344542	0.000290279	0.0139284	0.0010226	0.0598759	0.0143706	0.0391286	0.0241464	0.0733894	0.0481997	0.140652	0.150599	0.192472	0.00366709	0.0187252	
0.0941366	0.0103709	0.00501504	0.0179882	0.0178027	0.12031	0.0390202	0.0817678	0.0763439	0.0255562	0.0264658	0.0114499	0.000128081	0.182306	0.0277651	0.0861491	0.113093	0.0542252	0.000491801	0.00961379	
0.0790434	0.0350252	0.276417	0.0028544	0.0863129	0.0388132	0.00178292	0.0342029	0.0162485	0.0391265	0.00712361	0.00131705	0.0185309	0.00151222	0.0028487	0.259728	0.0104904	0.0666985	0.00797355	0.0139498	
0.0737783	0.0172047	0.00918056	0.0143682	0.0665043	0.0912627	0.00677794	0.162832	0.00301555	0.0851128	0.0140862	0.0198231	0.046148	0.011471	0.00392767	0.181303	0.0629515	0.0357645	0.0694653	0.0250227	
0.00802743	0.0342619	0.0300562	0.0189309	0.0114672	0.0806621	0.00119317	0.0640661	0.0392732	0.101023	0.0723513	0.0268819	0.000321303	0.179262	0.00560692	0.0362677	0.00685222	0.223108	3.73801e-07	0.0603872	
0.0456829	0.000869586	0.126798	0.0295008	0.0133669	0.0877967	4.97138e-05	0.0959997	0.0500633	0.070401	0.0213133	0.00789106	0.000875591	0.067511	0.0279071	0.0893013	0.191424	0.0363976	0.0349015	0.00194923	
