((((Pyrolobus_fumarii:0.481890213814098,Campylobacter_jejuni:0.00253712082465581):0.0335713791830401,(((((((Archaeoglobus_fulgid:0.256641739561431,Halobacterium_NRC:0.0190251716702392):0.175574276824792,(Plasmodium_falcip:0.0810363166181394,Aciduliprofundum_bo:0.0484992755409916):0.00307132604147675):0.0863359631813587,Acidilobus_saccharo:0.0277345972983941):0.118273784200199,((Tetrahymena_ther:0.11002809820318,Aeropyrum_pernix:0.0501663231814627):0.0371885930156762,Thermosphaera_aggre:0.117389567418353):0.113952319404597):0.242659530275715,Trichomonas_vaginalis:0.0020728476387343):0.00934173784626345,((((Loki3:0.0776495770184473,Methanothermus_ferv:0.0569960513684339):0.10123310993581,((((Sulfolobus_islandic:0.0323911861409599,((Methanosphaera_stadt:0.0475869762735815,Loki1:0.0582080817944936):0.0531028504141633,Nitrosopumilus_mari:0.0454502122904989):0.0437541923370873):0.290269905116247,Methanoplanus_petro:0.097653976168214):0.023573517932406,(Halalkalicoccus_jeo:0.0512091992378858,Entamoeba_histolytica:0.0543541335202212):0.0950856686818247):0.171693597404793,(Pyrococcus_furiosus:0.147129894074231,Fervidicoccus_fonti:0.0400872878674047):0.199450342293726):0.129413472118571):0.00498635403656813,(Ignicoccus_hospital:0.0477866317421574,(Sulfolobus_tokodaii:0.0121418306393698,Methanosaeta_thermo:0.099715255574919):0.0659901926774896):0.0419398145997136):0.104757404221347,Methanocella_paludi:0.0980587121694673):0.0243494298817315):0.195243519107861,((Methanospirillum_hun:0.0182704349518067,(Vulcanisaeta_distri:0.0371026357391574,Ca_Nitrososphaera:0.0448301133776461):0.0271634574585325):0.0482265599955831,Methanocorpusculum_:0.0191631225451667):0.206725576550238):0.0389650092002198):0.0811297188140485,((((((((((((((((Pyrobaculum_aerophil:0.00326878202560709,Haloarcula_marismort:0.195267132724018):0.0544925593601142,Thermococcus_kodakar:0.0258070044027969):0.166703989308084,Escherichia_coli:0.0393982944234719):0.32712206341861,Synechocystis_PCC:0.0642318242556512):0.143072373655527,Methanotorris_igneu:0.0803875321545127):0.0094913006257042,(Acidianus_hospitali:0.0658224973617366,Methanococcus_marip:0.0491326559027299):0.0475836481341446):0.139760890232358,Metallosphaera_cupr:0.0578014320366385):0.0137611860094713,(Loki2:0.0703352825346067,Methanohalobium_eve:0.0149899731111555):0.0829581914877438):0.0727903919326321,Metallosphaera_sedu:0.0867291055556641):0.0486106919355611,Thermotoga_maritima:0.0782987460368469):0.111845559669171,Chlamydia_trachomatis:0.132890845488209):0.110545230632596,Pyrobaculum_calidif:0.0501870796309403):0.0229324657549527,(Hyperthermus_butyli:0.0251785224295112,Haloferax_volcanii:0.222177885926206):0.127038433066864):0.00352153919400228,Thermofilum_pendens:0.112599990817765):0.0730963974536152,(Caldiarchaeum_subte:0.0981900488670994,(Rickettsia_prowazekii:0.220733488699731,Dictyostelium_dis:0.300527373420518):0.043096006052355):0.209753262063836):0.0518117075614038,Desulfurococcus_kam:0.0257067111018767):0.132311786881376):0.248046860899189,(((((((((Leishmania_infant:0.212073861679397,Thalassiosira_pseudo:0.285211878040844):0.00125699221382693,((((((Borrelia_burgdorferi:0.166199344429241,(((((Rhodopirellula_baltic:0.114954250380627,Caldivirga_maquilin:0.142878321469535):0.100349657069437,(Methanoculleus_mari:0.0455640422667514,(Thermoproteus_uzoni:0.0511640727928944,(Sulfolobus_solfatari:0.0509824416156026,Homo_sapiens:0.0165414930954931):0.0936203710383073):0.0448689077995992):0.0196702035595011):0.0518818647110003,Methanothermobacter_:0.0238127372675411):0.0381898624721725,Arabidopsis_tha:0.0665349261860859):0.149562413852928,Methanosphaerula_pa:0.0699063942541589):0.038203409583107):0.0987549661454567,Staphylothermus_mar:0.17640046222364):0.0576430613721659,Nitrosoarchaeum_lim:0.0507074817739061):0.13361869385317,(Bacteroides_thetaiota:0.0855135637306534,Thermoplasma_acidop:0.0348047933171498):0.0125306507631844):0.165344512791131,Ignisphaera_aggrega:0.234195181409926):0.0693170808958473,Methanobacterium_AL:0.0435137384121918):0.273514115717399):0.0840977090011192,Sulfolobus_acidocald:0.0382757510866781):0.0786305639202049,Ferroglobus_placidu:0.146247561463669):0.062896850929245,Nitrosoarchaeum_kor:0.0968223809599098):0.0252707989816534,Methanocaldococcus_j:0.0816144034533675):0.075626709910178,(Bacillus_subtilis:0.00880732430950187,Picrophilus_torridus:0.448247368471757):0.0713516516812394):0.15138042319848,(Ferroplasma_acidarm:0.0504982402955285,Cenarchaeum_symbios:0.115027602963132):0.262830282338766):0.103443666370781,Saccharomyces_cerevis:0.157932622018336):0.0829529031471636,(Methanosarcina_aceti:0.235550108467168,Methanomassilii_MlumB10:0.0074273625856026):0.196191916792483);
1
10
1
5000
1
1	1	1	1	1	1	1	1	1	1	1	1	1	1	1	1	1	1	1	1	

0.848815	1.84389	0.332192	0.986647	0.908281	0.220277	0.832319	2.77898	0.483908	1.46446	1.24302	2.00661	2.95539	0.142531	0.431016	1.3211	0.140721	1.37755	0.299395	0.669647	1.46274	0.57724	1.36261	0.758561	0.246024	1.99421	0.92006	1.02412	2.12748	1.0823	0.850123	1.14995	1.16666	0.466211	1.54647	0.906767	0.672043	0.446363	0.560075	0.0783737	0.858712	0.612414	0.777575	0.138499	0.0720723	0.575716	3.61071	0.529066	0.199115	1.2544	0.319231	0.214174	0.0705311	2.65809	0.393039	0.432253	0.189619	1.40424	0.131775	0.374694	2.16506	0.0889776	0.505256	0.589057	0.434479	0.291802	1.02368	0.595412	0.103474	0.00646596	0.0387411	1.07776	0.675317	0.743571	1.6374	1.77054	2.80296	0.158614	1.13438	0.0484206	0.207155	0.941973	1.74802	0.0410644	1.25553	0.0778555	0.116918	0.228617	0.245724	0.179972	0.438168	0.643537	0.0425962	1.16823	0.473932	1.13861	3.66599	1.57477	0.428542	1.14414	1.03648	0.397334	1.06195	0.913776	0.710177	0.939033	0.222668	0.298648	0.0332527	0.375542	0.452236	0.255423	0.508906	0.0215065	1.05142	1.58132	0.361815	2.50479	1.47336	1.67166	2.91929	0.108582	2.07423	2.43723	0.206351	4.10287	0.545028	0.406214	0.12784	0.925627	0.657083	0.424014	0.130801	0.367164	0.206779	0.201911	0.302949	1.05745	0.318728	0.388549	0.620417	1.30725	0.901281	0.0858325	0.654484	0.525683	2.17858	1.10761	1.2561	1.48136	0.406776	0.464577	1.49037	0.706165	0.165833	1.02825	0.896463	1.37231	0.528168	0.523759	0.758939	0.104432	0.242016	3.84879	0.187444	0.785363	0.856515	0.187345	0.665991	1.05617	0.868111	0.168204	0.526109	0.060586	0.58475	0.909307	0.405915	0.208463	0.0622119	1.85975	0.740619	0.0354112	0.459756	0.851318	1.56144	0.760023	0.168864	0.0773208	0.0789619	0.225468	

0.0566997	0.0511948	0.0115823	0.0673776	0.0354376	0.0747629	0.0294433	0.0175095	0.118449	0.0422602	0.0162526	0.0373852	0.154705	0.0148279	0.0812493	0.0262526	0.0354745	0.0287214	0.0893539	0.0110601	
0.0842124	0.0104229	0.03876	0.0143215	0.141062	0.0575576	0.19772	0.000326793	0.00640122	0.035554	0.0379641	0.0300877	0.0076531	0.0975684	0.0273129	0.00266591	0.0321941	0.0366371	0.118803	0.0227749	
0.0825928	0.0365351	0.0322246	0.0172778	0.0261281	0.0553171	0.0807816	0.0894609	0.044174	0.0515304	0.0139276	0.0594469	0.0216168	0.000642838	0.0759951	0.16578	0.0233051	0.0542742	0.000816911	0.0681722	
0.0104392	4.79268e-05	0.0109413	0.0451203	0.0868793	0.0709745	0.057126	0.0595832	0.0111912	0.0513485	0.0715722	0.0531358	0.170402	0.0153383	0.0711464	0.133003	0.0602403	0.00166313	0.0054509	0.0143968	
0.0653486	0.0220691	0.0656966	0.0849602	0.0131987	0.13845	0.0645301	0.0170416	0.000251374	0.0876249	0.00861878	0.0222087	0.0308386	0.0348536	0.126401	0.00726881	0.00977475	0.0110046	0.0735166	0.116344	
0.118822	0.0727943	0.0194341	0.0267531	0.00369565	0.0241112	0.017168	0.043518	0.00619762	0.0859378	0.0772819	0.0115041	0.00588305	0.0324738	0.0147799	0.0723428	0.150792	0.0239763	0.183882	0.00865151	
0.026966	0.0174995	0.0418861	0.0817867	0.0167703	0.0136824	0.0858189	0.129026	0.0237424	0.0749876	0.105865	0.00990904	0.0342595	0.0427967	0.045977	0.134924	0.0445725	0.0354853	0.0247116	0.00933323	
0.0612213	0.0115751	0.208631	0.0435646	0.0122501	0.0306525	0.0899917	0.0559189	0.0586661	0.0318745	0.0162217	0.0026137	0.0282713	0.079231	0.0621031	0.0139655	0.00906039	0.0402939	0.0814332	0.0624602	
0.0498985	0.0221194	0.0665648	0.157246	0.0181488	0.0783718	0.14896	0.0955726	0.000128035	0.0024706	0.00268127	0.0482265	0.0218263	0.00563968	0.0399222	0.000987128	0.00304565	0.00686477	0.0244153	0.20691	
0.0251668	0.0363679	0.044437	0.00261138	0.036519	0.0456379	0.0160302	0.0677564	0.0610344	0.0819053	0.144269	0.055385	0.000763417	0.125018	0.004194	0.0442345	0.0802654	0.005169	0.122846	0.000390108	
0.040504	0.138349	0.0416736	0.012505	0.0280445	0.0114383	0.103973	0.0439305	0.0110248	0.0882746	0.000743909	0.055813	0.015249	0.0397272	0.00124908	0.0991801	0.066934	0.0853069	0.0319538	0.084126	
0.0604656	0.102412	0.0268816	0.0637962	0.0348214	0.0508543	0.0350634	0.113157	0.0194641	0.115303	0.00727124	0.0371974	0.00813424	0.0063219	0.0425865	0.048691	0.0729344	0.0853208	0.0296686	0.0396556	
0.000649194	0.226366	0.052431	0.0511051	0.00726627	0.0430104	0.0696001	0.0659735	0.028216	0.00613797	0.0765397	0.0591502	0.0251039	0.0227142	0.0117991	0.0628905	0.0359635	0.00035274	0.0802133	0.074517	
0.0269229	0.0112185	0.0218832	0.0365956	0.0266399	0.0345612	0.0141929	0.100192	0.022648	0.0286925	0.0161943	0.0423404	0.129843	0.180179	0.0588153	0.0313651	0.0512937	0.0278737	0.104368	0.0341808	
0.105571	0.071598	0.0581355	0.0209471	0.0131385	0.0182801	0.0531433	0.0145483	0.0281762	0.132013	0.00518336	0.0329468	0.000761244	0.00926159	0.238654	0.0182521	0.0485499	0.0328223	0.0357169	0.0623011	
0.0250901	0.0352339	0.0235364	0.0163061	0.17166	0.0883743	0.00113269	0.119118	0.00599785	0.0172668	0.0268427	0.0303605	0.0655762	0.00411403	0.00608327	0.018609	0.0588238	0.0397548	0.168614	0.077505	
0.0447793	0.235062	0.0187043	0.00774029	0.0391287	0.0259119	0.0208388	0.028277	0.0291404	0.075972	0.104828	0.0316231	0.125864	0.0613189	0.00328656	0.020595	0.0371265	0.0533389	0.00364329	0.0328205	
0.015607	0.00737108	0.0262502	0.0163494	0.0918986	0.0803507	0.0566203	0.0437988	0.053633	0.0411927	0.025616	0.0770204	0.0970178	0.125213	0.0431993	0.00245045	0.0513554	0.051704	0.0423925	0.0509593	
0.103588	0.0385269	0.151866	0.0129648	0.00545497	0.0407915	0.0125773	0.0576101	0.000387777	0.123819	0.00523943	0.0310776	0.084573	0.0331611	0.0248214	0.0186423	0.176577	0.0107532	0.0444324	0.023136	
0.0361378	0.0153775	0.00726763	0.00752934	0.0708233	0.125426	0.166818	0.163078	0.00550964	0.0112699	0.0498619	0.0132288	0.0472455	0.0559138	0.0464135	0.0496151	0.0214133	0.000949785	0.0671782	0.0389428	
0.000220544	0.0116204	0.0329267	0.0146999	0.00189726	0.0591263	0.020203	0.0284752	0.0426734	0.0566357	0.0106971	0.0496916	0.135419	0.0962432	0.0218953	0.0843602	0.164438	0.0290497	0.0309726	0.108756	
0.0425153	0.0529006	0.034857	0.0239692	0.0844412	0.0333626	0.00287812	0.047512	0.0259138	0.0993293	0.0403449	0.0172761	0.101171	0.0623114	0.0441358	0.0119998	0.0423267	0.0659479	0.130732	0.0360746	
0.0911399	0.00991936	0.0461142	0.190922	0.0441275	0.00814422	0.0435035	0.0805686	0.0413469	0.00846579	0.0432156	0.00715651	0.012899	0.0469832	0.0210242	0.00500087	0.234829	0.0341839	0.0247606	0.00569592	
0.041339	0.000186541	0.00326684	0.0499646	0.0166755	0.147377	0.00438493	0.0387026	0.0395874	0.032688	0.0540015	0.0275856	0.0317259	0.0408187	0.0771218	0.190389	0.0806826	0.0125653	0.103908	0.00702936	
0.0406327	0.108777	0.075294	0.0286275	0.00313531	0.00603528	0.000654029	0.0369987	0.0944184	0.0605222	0.000196182	0.0214815	0.0121322	0.0119482	0.32354	0.0291752	0.00396723	0.115485	0.0133243	0.0136545	
0.00185617	0.184849	0.00343187	0.107607	0.0835474	0.00101142	0.0132502	0.153842	0.0168159	0.0397729	0.0661723	0.00603301	0.000576721	0.0844116	0.0368152	0.0432719	0.00884143	0.0187329	0.07879	0.0503706	
0.105294	0.00509247	0.0643564	0.00131022	0.00296278	0.00689107	0.031639	0.0950734	0.0911487	0.0822087	0.0799863	0.0330724	0.00742287	0.11291	0.0047738	0.1154	0.0477482	0.000568089	0.0947635	0.0173783	
0.0505153	0.0386082	0.150779	0.00170433	0.0424946	0.0673554	0.0459119	0.0524649	0.0416691	0.0934546	0.0892125	0.0154501	0.0920466	0.0210603	0.0323136	0.0322161	0.0457267	0.0529417	0.0192294	0.0148451	
0.0517143	0.0128859	0.0284231	0.000419547	0.0162403	0.126726	0.111391	0.104674	0.0846062	0.0498583	0.0707107	0.00609644	0.0906816	0.0728145	0.0932948	0.0204047	0.00626393	0.0123398	0.0353262	0.0051287	
0.0414281	0.203301	0.0274017	0.0506554	0.0289456	0.0498839	0.0335446	0.0172414	0.166414	0.0249818	0.0190399	0.0037085	0.114535	0.00641504	0.0424922	7.17864e-05	0.144468	0.00599705	0.00141877	0.0180559	
0.0105288	0.0385453	0.00601115	0.0776512	0.128149	0.0174302	0.127651	0.027649	0.0488507	0.0331781	0.102876	0.0250717	0.0271276	0.141916	0.00765593	0.0659211	0.0507	0.0145754	0.00950091	0.0390117	
0.0726612	0.0250974	0.0757775	0.0215437	0.0341603	0.0420109	0.00432273	0.20781	0.0729576	0.085785	0.00783643	0.0174623	0.00843883	0.0103072	0.112498	0.0769546	0.0484082	0.0124331	0.0481894	0.0153448	
0.236115	0.0264655	0.0602693	0.0600824	0.0135294	0.0279122	0.0472714	0.0294126	0.051021	0.00259043	0.00701887	0.0574309	0.0728682	0.0518625	0.0281155	0.157638	0.0117404	0.0161493	0.00683743	0.035669	
0.0873473	0.0398704	0.0952004	0.00597002	0.0849648	0.0436403	0.0223374	0.00567099	0.0061641	0.0832088	0.0428735	0.141226	0.050365	0.00116724	0.101531	0.0288765	0.0348752	0.0762895	0.00643028	0.0419909	
0.047183	0.0311564	0.00853385	0.18053	0.0493798	0.0574731	0.00267454	0.0324628	0.121632	0.0319364	0.0599131	0.00979001	0.00947373	0.0998449	0.0855697	0.0492822	0.0691933	0.0342552	0.0136292	0.00608645	
0.149959	0.0470077	0.00319463	0.0229748	0.0838371	0.0177365	0.0283124	0.0264008	0.0688461	0.0410191	0.0329439	0.0336908	0.0740175	0.10391	0.000358011	0.0346285	0.00412699	0.0576282	0.117229	0.0521789	
0.0846487	0.0204267	0.0455587	0.070118	0.0161003	0.0550618	0.0539212	0.00255886	0.0302971	0.00609625	0.102781	0.0587808	0.0237982	0.114831	0.0522631	0.144975	0.069372	0.0204334	0.0272106	0.000767478	
0.013722	0.0243288	0.0853846	0.0356755	0.0279375	0.0856874	0.119394	0.0141251	0.0869133	0.00258855	0.0445899	0.0198088	0.0818127	0.048793	0.00201437	0.0288641	0.167867	0.0205786	0.00451599	0.0853994	
0.0591802	0.0200674	0.0111763	0.0556014	0.0133844	0.00979336	0.0911705	0.0340882	0.0573263	0.0858116	0.0577393	0.0825318	0.00201363	0.0073302	0.218551	0.0416317	0.0396613	0.0161811	0.0729465	0.0238134	
0.0896882	0.0676742	0.0170966	0.0685463	0.0888683	0.0535303	0.0338196	0.0306935	0.0809561	0.00542083	0.00323516	0.00318156	0.0390014	0.00477052	0.0125825	0.0568019	0.0792758	0.143994	0.100507	0.0203559	
0.0106452	0.0826832	0.00383045	0.217846	0.0638075	0.0182053	0.016458	0.118322	0.0282982	0.0214681	0.012589	0.0597938	0.100485	0.0270627	0.127929	0.0223345	0.0536943	0.00625229	0.00575224	0.00254325	
0.0146669	0.0768581	0.0370286	0.0447035	0.0066817	0.163356	0.104377	0.0106528	0.0310018	0.00141454	0.147042	0.0332593	0.0294847	0.0284324	0.0211767	0.15566	0.0160539	0.0333784	0.0432027	0.00156832	
0.0186048	0.0167921	0.0932618	0.0667639	0.00443563	0.0137077	0.136348	0.0124157	0.0665615	0.118735	0.0212267	0.0511115	0.0192086	0.000977161	0.00424884	0.00573011	0.139808	0.0259559	0.0413295	0.142777	
0.0835346	0.0128111	0.0492307	0.0395238	0.0669032	0.0430095	0.0369919	0.0128161	0.0104052	0.0238463	0.0877816	0.0937616	0.0109839	0.0106247	0.0267621	0.0553638	0.205793	0.0255868	0.0740365	0.030234	
0.0656994	0.089587	0.000796064	0.285054	0.0236596	0.0389069	0.0607405	0.0251034	0.13444	0.0341261	0.0195278	0.000778964	0.0882237	0.0285107	0.0101492	0.0334242	0.0261273	0.0172414	0.00228932	0.0156145	
0.0139879	0.0596222	0.00234531	0.0604524	0.110002	0.0342483	0.00524972	0.00478624	0.0222932	0.0566861	0.0449846	0.095488	0.0190321	0.202219	0.0125663	0.138925	0.0142169	0.00852827	0.0582818	0.036085	
0.0322199	0.0257823	0.0031564	0.0964656	0.0124392	0.122489	0.0462878	0.0517608	0.034889	0.0289039	0.0552741	0.022561	0.114558	0.0711147	0.0928482	0.0809138	0.0143959	0.0806876	0.00727655	0.00597693	
0.07593	0.0154524	0.0234485	0.0567233	0.00793171	0.0236433	0.0142446	0.00901174	0.0214598	0.072925	0.00724015	0.0891806	0.0693996	0.0247389	0.0202763	0.0489331	0.0158868	0.070457	0.185147	0.147971	
0.0198979	0.0289571	0.000977913	0.0132826	0.000488592	0.00286288	0.01062	0.0388134	0.160225	0.0388303	0.00868639	0.0600994	0.00224265	0.138635	0.0795597	0.0670609	0.00821634	0.0867114	0.0701776	0.163655	
0.071544	0.0643042	0.0960362	0.192756	0.0484717	0.010301	0.0660545	0.0236642	0.00109634	0.00894151	0.113764	0.0413679	0.0175061	0.00617636	0.0412169	0.00510264	0.0801469	0.0533794	0.0136742	0.0444961	
0.110384	0.0186199	0.101338	0.0239481	0.0966479	0.0363135	0.0585115	0.0204345	0.0672361	0.0204687	0.00838948	0.102407	0.147136	0.034725	0.0288294	0.016134	0.0174069	0.0312269	0.0465128	0.0133297	
0.00878041	0.0419087	0.12111	0.0680603	0.0209894	0.00266586	0.0119179	0.0442955	0.0480358	0.0407065	0.00507356	0.0334529	0.168259	0.0204176	0.0639174	0.112191	0.0599571	0.0514216	0.00417146	0.0726676	
0.0167421	0.00265129	0.0250722	0.0273391	0.0703307	0.0632066	0.0150921	0.0447895	0.134584	0.00647788	0.0343407	0.0169458	0.124068	0.0815617	0.0297171	0.00900858	0.056673	0.0699634	0.0675873	0.103848	
0.027317	0.0458082	0.00378766	0.0134963	0.257448	0.00987474	0.0233119	0.0592977	0.113218	0.0560263	0.0671147	0.0614145	0.0283857	0.00468305	0.0318716	0.0015571	0.0317714	0.015407	0.0936007	0.0546078	
0.0335896	0.0147138	0.0176669	0.00529344	0.0285945	0.00627562	0.02016	0.170066	0.114147	0.000960662	0.0510759	0.0751369	0.0567027	0.00163789	0.119457	0.0972996	0.0215369	0.0288262	0.0377335	0.0991263	
0.0839226	0.0339801	0.126202	0.00806863	0.000869714	0.032246	0.0440874	0.11671	0.0784839	0.0193165	0.00648685	0.105684	0.120451	0.0586894	0.0243643	0.0245786	0.0182612	0.0806891	0.00713421	0.00977359	
0.0295192	0.000689252	0.0773449	0.0623387	0.162749	0.179556	0.0960445	0.0043727	0.0191169	0.0104844	0.0206172	0.0288737	0.0502752	0.0191874	0.0233698	0.0508115	0.00343772	0.0405067	0.0411905	0.0795154	
0.0417272	0.0358041	0.113499	0.0455588	0.000413367	0.0444834	0.00252199	0.144225	0.00145462	0.0245447	0.090426	0.00840776	0.0260677	0.0167684	0.13905	0.0344849	0.119087	0.0492323	0.0339433	0.0283005	
0.0311288	0.0571089	0.119016	0.0992519	0.061856	0.0172121	0.0429581	0.112585	0.0172427	0.0590645	0.0276265	0.0256883	0.0709865	0.0066611	0.0291106	0.0060294	0.00336267	0.0448922	0.0691394	0.0990798	
0.0458325	0.0326413	0.0344325	0.0776163	0.006635	0.0353948	0.0940426	0.0135773	0.00300135	0.0496627	0.0529562	0.036611	0.0421458	0.00419564	0.0887119	0.166908	0.0327701	0.0304437	0.0544378	0.0979836	
0.0561472	0.100893	0.0210963	0.00863707	0.0670486	0.0357591	0.000796336	0.0920763	0.139077	0.0502277	0.0072566	0.0230233	0.103132	0.0626339	0.0155694	0.0229576	0.128605	0.00268627	0.0579152	0.00446354	
0.149853	0.0115677	0.00343811	0.0710465	0.0213333	0.00891603	0.0221024	0.0483665	0.00869393	0.191597	0.117379	0.100475	0.0122071	0.00576529	0.0414192	0.0410712	0.0374434	0.00675569	0.0230049	0.0775649	
0.0260551	0.0235049	0.0347492	0.108483	0.025869	0.00297175	0.00401512	0.0375604	0.062255	0.110879	0.00981415	0.0559172	0.135623	0.0276991	0.104491	0.0262281	0.00374563	0.00726945	0.177042	0.0158278	
0.0075036	0.0667635	0.0253203	0.04013	0.0106289	0.0647002	0.126593	0.0581042	0.0480327	0.0453922	0.0200442	0.00766194	0.00590184	0.100501	0.094166	0.0988369	0.0700075	0.0422518	0.00695991	0.0605007	
0.0577954	0.000916676	0.0242036	0.122725	0.0332251	0.0109714	0.0457689	0.0407577	0.00268482	0.0170598	0.0346844	0.00229028	0.0491536	0.0122167	0.216191	0.0813054	0.113382	0.0142053	0.00799062	0.112473	
0.0967283	0.0204461	0.0213448	0.0131801	0.0227042	0.0179586	0.0575473	0.158169	0.0555636	0.0338435	0.0181976	0.151793	0.00648529	0.107899	0.037791	0.016139	0.0235917	0.0741447	0.0327907	0.0336825	
0.0385379	0.0282116	0.0335205	0.00910776	0.0493296	0.0718812	0.0044072	0.0509727	0.11189	0.0581463	0.0739001	0.00954329	0.0279773	0.0398096	0.0480801	0.174429	0.00606356	0.0683589	0.0328031	0.0630299	
0.283384	0.00788528	0.00437402	0.00989159	0.0380229	0.0389661	0.0982179	0.0263077	0.0437144	0.0395423	0.039314	0.0668404	0.0127461	0.00457377	0.0433833	0.0183853	0.00743439	0.112744	0.0420932	0.0621799	
0.0500706	0.0359901	0.0173015	0.100521	0.00550442	0.00888539	0.0776778	0.0472784	0.026323	0.044496	0.0228255	0.126412	0.0206353	0.111845	0.00929633	0.0364433	0.0523625	0.0595119	0.0921923	0.054427	
0.150533	0.0415064	0.0152055	0.0176646	0.0136212	0.0413636	0.00794727	0.0990119	0.0555175	0.0747751	0.0132414	0.0816024	0.0169619	0.0529786	0.0362679	0.0428833	0.00643835	0.131361	0.0719871	0.0291314	
0.0519009	0.00891748	0.0270532	0.108838	0.0249098	8.35234e-06	0.0302641	0.0517105	0.00289533	0.109972	0.0298123	0.051581	0.0168466	0.145214	0.0740684	0.0194248	0.0324755	0.0711737	0.0167315	0.126203	
0.110752	0.00887806	0.0191397	0.0329046	0.0238755	0.0473319	0.0173285	0.00158329	0.0374517	0.0290147	0.0570973	0.0400258	0.0838977	0.0332535	0.0105914	0.0313741	0.0557688	0.189107	0.131358	0.0392673	
0.0219211	0.0689922	0.0142481	0.0568347	0.119062	0.0455776	0.0555117	0.0470353	0.0417409	0.00513594	0.0509569	0.0962167	0.0345681	0.00480538	0.126588	0.0558388	0.0139454	0.0195898	0.0423239	0.0791067	
0.016357	0.0286421	0.0289482	0.0308221	0.0980496	0.0621291	0.0529373	0.0885817	0.0809112	0.0535238	0.0131983	0.00637128	0.064992	0.0297111	0.0264747	0.12122	0.0591767	0.0358224	0.0956112	0.00651988	
0.026801	0.0367513	0.0217893	0.200056	0.0298291	0.00890865	0.100501	0.0102836	0.0218471	0.0267644	0.034402	0.156494	0.0168891	0.0140931	0.0276171	0.0507925	0.0746564	0.0178047	0.0679426	0.0557769	
0.0540312	0.0732172	0.00929189	0.156929	0.0171757	0.0748081	0.0299535	0.0227469	0.0280638	0.0451953	0.0440462	0.201072	0.000949895	0.0716732	0.0260681	4.58034e-05	0.0754935	0.0227818	0.0186868	0.0277702	
0.00179823	0.0338952	0.000734477	0.00371971	0.00232062	0.146774	0.0372579	0.0100141	0.207216	0.127953	0.0215545	0.0956388	0.00114168	0.0208093	0.00593067	0.0395547	0.0308762	0.0378543	0.0709605	0.103996	
0.0454683	0.00981263	0.046829	0.0957923	0.0455509	0.0618433	0.0400305	0.0416945	0.0250886	0.0484227	0.0529957	0.0258264	0.0301581	0.0401724	0.160305	0.0942204	0.00895664	0.0341127	0.0636792	0.0290403	
0.0464064	0.0577531	0.00579552	0.0561968	0.200827	0.0258674	0.0687007	0.0282509	0.0223436	0.137029	0.0529863	0.0933336	0.00789938	0.0123874	0.0300448	0.0060179	0.0550668	0.00884245	0.0781807	0.00606983	
0.0471769	0.00442464	0.0665054	0.0215475	0.0270392	0.243629	0.00489292	0.0165994	0.00814947	0.0197804	0.0863861	0.0678146	0.0221812	0.0454483	0.0124723	0.0456117	0.0472781	0.147893	0.0452882	0.0198818	
0.0223754	0.00685823	0.0150104	0.038454	0.000814122	0.0471478	0.047188	0.112192	0.11463	0.0295051	0.0336518	0.0560965	0.0212557	0.0623707	0.176186	0.0372652	0.0613461	0.0613394	0.0363727	0.0199416	
0.00275931	0.0978893	0.0244537	0.0668144	0.0309036	0.0501799	0.0049776	0.00398309	0.010968	0.167687	0.136108	0.0114337	0.032214	0.0222227	0.0635389	0.0341931	0.067893	0.0635296	0.0720058	0.0362449	
0.0271028	0.0986871	0.0978798	0.0129012	0.0423933	0.0546246	0.0618942	0.0411989	0.00705573	0.104557	0.00532361	0.00165794	0.0139769	0.0628424	0.0748457	0.0203193	0.00539062	0.0306743	0.214097	0.0225771	
0.00196333	0.0822221	0.0240325	0.14147	0.00804245	0.0855388	0.0110385	0.0438594	0.00495519	0.000528289	0.114101	0.0788307	0.0219302	0.057666	0.139026	0.00694594	0.000209473	0.137894	0.00203767	0.0377072	
0.0340355	0.0351475	0.118747	0.0270417	0.133306	0.0141503	0.0654062	0.00122175	0.0707128	0.0124235	0.0278616	0.085614	0.10744	0.0754486	0.0358056	0.0376808	0.0288992	0.0287902	0.0449782	0.0152895	
0.0212848	0.183334	0.0681704	0.00414061	0.00789678	0.0287538	0.0651496	0.13065	0.0568143	0.00244468	0.120718	0.0313552	0.0545058	0.0311919	0.0429911	0.0506405	0.0862064	0.000953392	0.00549223	0.00730649	
0.0947146	0.0111586	0.0982296	0.0341281	0.00401029	0.0425231	0.0539703	0.00244801	0.129268	0.00651202	0.0414956	0.089627	0.0209277	0.028919	0.039827	0.100386	0.00980661	0.0471426	0.086287	0.0586194	
0.0363921	0.0905035	0.0914377	0.0357121	0.014106	0.0770903	0.0173953	0.0607396	0.00865064	0.151402	0.0240618	0.0198058	0.0674607	0.0300008	0.0429451	0.0448468	0.00733321	0.123205	0.0368239	0.0200876	
0.108361	0.0777849	0.140465	0.0230356	0.0128065	0.0310442	0.00275743	0.0193671	0.0239082	0.00157722	0.0547294	0.0602383	0.0508969	0.0596205	0.0244436	0.117053	0.0903935	0.0452303	0.0408543	0.0154328	
0.0608952	0.0391928	0.0196633	0.0342885	0.0319767	0.16288	0.057594	0.0874338	0.0137609	0.0276801	0.00757008	0.0987181	0.00999629	0.0300561	0.0905196	0.106072	0.0152209	0.0232552	0.0227911	0.0604357	
0.0798375	0.10916	0.061409	0.0524866	0.0405778	0.00257176	0.0933741	0.0491444	0.0389933	0.186972	0.00247925	0.0184261	0.0318925	0.111005	0.0143775	0.0242518	0.0110634	0.0127657	0.0428907	0.0163223	
0.00511959	0.000593039	0.0641106	0.00450255	0.0565053	0.0556263	0.00515123	0.0273362	0.0571065	0.0654996	0.114918	0.103774	0.0241991	0.0934834	0.0549586	0.0646541	0.0134031	0.0806448	0.0577894	0.050624	
0.0663534	0.0238868	0.00381726	0.201538	0.071813	0.0680726	0.044462	0.0107854	0.00964094	0.16803	0.0233913	0.021512	0.0303876	0.00682405	0.0390597	0.0285874	0.022207	0.0216669	0.101174	0.0367906	
0.034089	0.00381392	0.0116224	0.0226933	0.0304692	0.0181004	0.0657364	0.033164	0.222771	0.0109595	0.0216661	0.120594	0.00696142	0.0192948	0.0339759	0.110684	0.113583	0.0463647	0.0248054	0.0486514	
0.0733819	0.00263697	0.0274853	0.05118	0.0382293	0.0103935	0.0943208	0.171303	0.0502224	0.150621	0.0119467	0.0110564	0.0146588	0.127353	0.0012649	0.092412	0.00362249	0.0113187	0.0455131	0.0110795	
0.0173193	0.0899645	0.0387168	0.0199523	0.104882	0.0255678	0.0375569	0.019656	0.0708353	0.0470303	0.0869403	0.0678529	0.0177435	0.0390531	0.0646667	0.0716581	0.0345464	0.0119187	0.055788	0.0783512	
0.0815978	0.00963379	0.00236873	0.0802446	0.0168811	0.0490474	0.00388953	0.0739759	0.00760079	0.0781981	0.0540346	0.0637256	0.0230019	0.0166309	0.0460537	0.15763	0.0312384	0.0416576	0.131252	0.0313372	
0.114696	0.0814692	0.107974	0.0139308	0.00563231	0.00442414	0.00620098	0.0133931	0.0555399	0.129591	0.0201882	0.0417129	0.0293749	0.0185588	0.000548435	0.0227584	0.0455009	0.120701	0.129944	0.0378602	
0.00885526	0.0364258	0.0715158	0.142076	0.080377	0.146395	0.0349779	0.0123262	0.0569145	0.00367507	0.0702609	0.00806923	0.00882687	0.100418	0.0620701	0.0729988	0.0291894	0.0225503	0.020215	0.0118627	
0.02612	4.72686e-05	0.00209382	0.00586793	0.127929	0.00693236	0.000161748	0.00400175	0.0803192	0.0210407	0.0267356	0.215138	0.189673	0.0902233	0.00830088	0.00961528	0.093193	0.0151133	0.0117418	0.0657527	
0.0509938	0.00717571	0.0823973	0.0158441	0.0670506	0.044407	0.0808477	0.0540101	0.106038	0.0255116	0.0487021	0.108036	0.0443082	0.067669	0.0209399	0.00040787	0.0380696	0.0310174	0.0745458	0.0320288	
0.0254038	0.0320756	0.00783164	0.190303	0.00187013	0.0104741	0.00141247	0.0647965	0.184385	0.000904068	0.0258383	0.0159754	0.111939	0.12604	0.0249761	0.0016457	0.050075	0.00754829	0.093961	0.0225452	
0.108959	0.0498461	0.0405113	0.0670347	0.019638	0.075375	0.0133141	0.0151973	0.00804363	0.00190964	0.0415198	0.106588	0.0794864	0.0231031	0.0023733	0.0679514	0.0316264	0.107299	0.0712899	0.0689341	
0.00579519	0.0643858	0.0493016	0.00286479	0.0617953	0.0067908	0.021572	0.017569	0.0178641	0.0520975	0.157996	0.00659903	0.0609421	0.0217276	0.0638077	0.00722836	0.316424	0.012363	0.0184096	0.0344668	
0.104694	0.00285915	0.0347889	0.166741	0.00470346	0.0768105	0.012139	0.00474368	0.0304812	0.018644	0.151914	0.0450903	0.0209907	0.141898	0.0315343	0.0381481	0.053607	0.0288755	0.0110915	0.0202459	
0.0173343	0.0556463	0.143571	0.0477879	0.0630079	0.00216336	0.0367493	0.0728822	0.0195262	0.00754312	0.0363904	0.02152	0.0218117	0.0250197	0.0679568	0.10433	0.0202248	0.0368007	0.0629958	0.136739	
0.0654814	0.0810384	0.0964944	0.0371281	0.0404141	0.0355304	0.0200788	0.113843	0.050566	0.0170021	0.0582188	0.0352604	0.00721109	0.117375	0.0267826	0.0243837	0.0441595	0.0440297	0.0147201	0.0702827	
0.0368519	0.0572474	0.00556904	0.0622139	0.0158556	0.072502	0.00704439	0.0388798	0.0208578	0.0411416	0.102323	0.00452599	0.0916858	0.0242077	0.0818927	0.0338225	0.085126	0.0111066	0.0808715	0.126275	
0.0535929	0.00195877	0.0295993	0.0996001	0.00286182	0.0118836	0.102433	0.000399527	0.0439446	0.0051579	0.00144237	0.00738352	0.13073	0.0259331	0.118626	0.0306906	0.266547	0.0260311	0.0192269	0.021957	
0.022182	0.00797146	0.0108346	0.0376731	0.126179	0.0247061	0.0250302	0.00251533	0.0964168	0.128095	0.0487502	0.00936505	0.0466637	0.154575	0.0226862	0.0228592	0.00432928	0.127012	0.0438665	0.0382897	
0.0606634	0.00409823	0.0458443	0.229091	0.0149089	0.049868	0.0692528	0.0253088	0.102823	0.0554974	0.00685738	0.0376392	0.0655993	0.0143258	0.0345414	0.0550389	0.0451269	0.0259846	0.0468507	0.0106796	
0.0663415	0.192648	0.0134566	0.070451	0.103531	0.0100863	0.111062	0.0372308	0.0136839	0.0278614	0.00526529	0.0231752	0.0420148	0.0371232	0.0172048	0.0208525	0.0484919	0.0419053	0.00233467	0.11528	
0.0924903	0.0146164	0.0126482	0.0614889	0.0120314	0.0681272	0.0405126	0.124849	0.0651471	0.00350321	0.0355717	0.00745115	0.0341283	0.0094496	0.191432	0.0750277	0.112277	0.0158354	0.00860222	0.0148106	
0.0673666	0.00509646	0.12698	0.0798227	0.0271212	0.0159636	0.00137891	0.131311	0.0208773	0.0219307	0.0323139	0.0275953	0.0745378	0.0262801	0.12489	0.0115253	0.0717545	0.0215313	0.0937895	0.0179339	
0.137575	0.0351891	0.0589886	0.0277084	0.0917784	0.115889	0.0872283	0.00961509	0.104127	0.00548773	0.0115321	0.00171693	0.0174144	0.0256215	0.00556163	0.0605842	0.0141621	0.0620173	0.0978635	0.02994	
0.00184538	0.152748	0.0328499	0.0644005	0.138648	0.00160156	0.0271671	0.0183717	0.017337	0.0290698	0.00790716	0.0226999	0.0682724	0.0232873	0.0526417	0.212075	0.061121	0.0237541	0.034846	0.00935678	
0.0107544	0.179383	0.0670195	0.0117773	0.0633685	0.0369361	0.0682881	0.0595752	0.0822179	0.026981	0.00979991	0.0326868	0.138985	0.0715236	0.00799523	0.0270197	0.00923536	0.0341672	0.0249118	0.0373745	
0.00676819	0.0657229	0.0103628	0.0203472	0.0739184	0.0448828	0.0445139	0.026231	0.00896336	0.145713	0.157099	0.0435945	0.0352367	0.101377	0.00738487	0.0173137	0.0886989	0.00615148	0.0931685	0.00255146	
0.0139162	0.103136	0.00514728	0.0121887	0.0530274	0.00498203	0.0983324	0.0707759	0.00928789	0.0383735	0.0741718	0.0979947	0.184312	0.00871397	0.0929327	0.0439755	0.00802461	0.00800042	0.0502048	0.0225031	
0.177092	0.046129	0.00978463	0.0613794	0.0712318	0.0231666	0.0306909	0.00796729	0.170634	0.00596003	0.0137156	0.00609271	0.0421277	0.0169626	0.0172107	0.10059	0.0418957	0.0398946	0.00718091	0.110294	
0.158588	0.0496276	0.0298868	0.0387681	0.100627	0.113496	0.00609133	0.0170931	0.0421925	0.0788824	0.00624563	0.0087337	0.0502081	0.0156098	0.0497653	0.110979	0.0320034	0.0304836	0.0523925	0.00832676	
0.100523	0.0527291	0.00668246	0.0145799	0.00322055	0.0165921	0.0584941	0.0185833	0.0823922	0.119963	0.023326	0.0616633	0.208107	0.0751154	0.015982	0.00738374	0.0270485	0.0165413	0.0402357	0.0508376	
0.108604	0.0613466	0.0991232	0.0405034	0.00353711	0.0273782	0.0722977	0.0968727	0.153258	0.0103375	0.0188188	0.00656166	0.0653685	0.0010094	0.00402525	0.0723194	0.0846124	0.0125285	0.0604388	0.00105858	
0.0437614	0.0194653	0.0331412	0.00217926	0.102774	0.197756	0.00899745	0.00109276	0.10698	0.0884338	0.0123817	0.053382	0.0594124	0.0370943	0.0467135	0.00865512	0.0924882	0.0545489	0.00404539	0.0266974	
0.072509	0.0463206	0.0029428	0.00816689	0.0458099	0.0188379	0.0297371	0.0759308	0.0723539	0.00448802	0.0540909	0.0211172	0.0630172	0.0487065	0.00224995	0.342631	0.000964112	0.0474889	0.00202541	0.0406117	
0.0368109	0.0234384	0.112854	0.0590194	0.0951443	0.0133571	0.00371994	0.178822	0.00418972	0.0441754	0.0870529	0.00445191	0.0383442	0.00816255	0.0121572	0.10008	0.107526	0.00183578	0.0489741	0.0198845	
0.0295494	0.0256817	0.012781	0.107812	0.0049448	0.061032	0.00075815	0.133355	0.0190156	0.00256769	0.0521477	0.0319507	0.00972322	0.00774643	0.0108465	0.14452	0.198543	0.0504778	0.045737	0.0508103	
0.00426918	0.0300365	0.0200079	0.0471351	0.0175487	0.0990056	0.0320097	0.00218161	0.0029683	0.103824	0.0190115	0.0165778	0.0391768	0.159217	0.0103478	0.0481736	0.0800653	0.000784156	0.224695	0.0429639	
0.00216667	0.101085	0.0360988	0.0227709	0.0177555	0.0534919	0.0771379	0.0692669	0.0433064	0.0111809	0.173633	0.100106	0.0789813	0.0125706	0.0668028	0.0477153	0.00938209	0.0455218	0.00144873	0.029578	
0.08059	0.0406021	0.00114194	0.0114608	0.0650614	0.0251834	0.0333251	0.025121	0.089388	0.0836557	0.025476	0.019312	0.0961831	0.0170201	0.00718698	0.119543	0.0233242	0.148317	0.0199702	0.0681382	
0.06184	0.00855857	0.0169355	0.00726286	0.127006	0.00985502	0.0253862	0.0503441	0.132507	0.0200885	0.0895681	0.00775963	0.00725953	0.0582853	0.00415735	0.00269862	0.0244079	0.0824486	0.240495	0.0231364	
0.0288791	0.0606526	0.0760907	0.0592778	0.147437	0.0188612	0.0211536	0.0886587	0.0387161	0.0163655	0.0200642	0.0207521	0.03665	0.0832548	0.0438576	0.0248385	0.0235618	0.117202	0.0449066	0.0288196	
0.00341448	0.0174384	0.305135	0.044393	0.0457375	0.0111663	0.0760915	0.0160546	0.0578781	0.0979934	0.00821896	0.0093521	0.0159513	0.00508282	0.0877199	0.050763	0.0423958	0.00188078	0.0155696	0.0877631	
0.0358586	0.0185903	0.014314	0.155383	0.0567743	0.0273597	0.014181	0.0361352	0.0380653	0.0478703	0.0515858	0.0189339	0.0535878	0.112198	0.157922	0.00423133	0.0229656	0.0461722	0.0801838	0.00768739	
0.00980565	0.00134704	0.110715	0.0261711	0.103167	0.0715381	0.110846	0.0456424	0.00717696	0.0895452	0.0554718	0.0531239	0.0572882	0.0414663	0.0301883	0.0120125	0.0865606	0.0619479	0.00383007	0.022156	
0.000354501	0.124556	0.0118054	0.0301249	0.0761559	0.0178485	0.00946981	0.0307132	0.0852875	0.0448029	0.0075575	0.0069295	0.0814041	0.142118	0.0125294	0.0326878	0.0211488	0.234351	0.0237619	0.00639387	
0.0768441	0.00599931	0.0857784	0.0274608	0.0121507	0.0356606	0.00123987	0.0407009	0.0515389	0.00958785	0.175644	0.00171919	0.0530359	0.0210771	0.149468	0.00650829	0.197439	0.00961848	0.00933483	0.0291939	
0.00129791	0.0241775	0.00891557	0.127407	0.109526	0.00604393	0.0308403	0.257656	0.00663157	0.0881588	0.000653976	0.00393067	0.0191387	0.0367589	0.0900612	0.0339505	0.0129587	0.069972	0.033491	0.0384306	
0.0118397	0.160236	0.0899652	0.0375721	0.0417852	0.118464	0.00784526	0.0262284	0.0429015	0.0438903	0.00232405	0.0893782	0.0320187	0.000321653	0.0422856	0.0336798	0.0550666	0.0119366	0.0621367	0.0901245	
0.0618894	0.152304	0.0407884	0.108278	0.0592292	0.000985301	0.0127344	0.0596519	0.020099	0.0160944	0.0866663	0.0996869	0.00140383	0.0174962	0.0321639	0.0333456	0.055926	0.0349937	0.00428348	0.101979	
0.0772768	0.029368	0.0177631	0.0498562	0.00922126	0.0219697	0.0445311	0.0044957	0.0854809	0.123328	0.068919	0.0909699	0.00276893	0.118211	0.0175603	0.0335691	0.00087622	0.1018	0.0668327	0.0352023	
0.0848154	0.0310493	0.00482664	0.0124634	0.00569268	0.0141513	0.226582	0.00740959	0.117356	0.00419757	0.0029354	0.0352861	0.0451826	0.0282775	0.0489051	0.106932	0.0338288	0.11551	0.0563027	0.0182957	
0.0185983	0.0434223	0.0458474	0.0427231	0.079845	0.0761375	0.0398755	0.0377234	0.184928	0.0592511	0.0581416	0.0910555	0.00897294	0.0387606	0.0180745	0.0345706	0.0335318	0.0470292	0.0296676	0.0118446	
0.0773581	0.0637097	0.0495954	0.106282	0.0520445	0.00990228	0.00358745	0.0311808	0.0148852	0.0632429	0.0951768	0.098774	0.0222783	0.0312809	0.0403384	0.0779605	0.0478183	0.0718337	0.0386302	0.00412022	
0.0282126	0.0338442	0.0466442	0.000771395	0.0233754	0.0215009	0.0108269	0.0392357	0.0988	0.0606969	0.130004	0.157159	0.0546088	0.0094693	0.0510619	0.0207527	0.110904	0.0082501	0.000252367	0.0936289	
0.00297491	0.0195925	0.036944	0.0389229	0.0483359	0.0341027	0.0103023	0.130336	0.00230491	0.164732	0.00888369	0.10076	0.00200527	0.212128	0.00753302	0.0252972	0.0325582	0.00195503	0.0780268	0.0423041	
0.0383425	0.030289	0.110131	0.210229	0.0615614	0.0464038	0.054278	0.0121062	0.0995908	0.0298603	0.00399859	0.037067	0.0986084	0.0389075	0.00689	0.0117849	0.0066946	0.00356699	0.028266	0.0714234	
0.0200898	0.0570493	0.0622721	0.0160765	0.091673	0.0150356	0.00207062	0.00764722	0.0394446	0.192315	0.0105011	0.0297587	0.0676598	0.0923925	0.0179401	0.0448584	0.0484306	0.0699331	0.0847308	0.0301213	
0.00977419	0.00945957	9.1704e-05	0.0362704	0.0493004	0.261489	0.236443	0.0233017	0.00599017	0.0690857	0.00497729	0.0220998	0.0887627	0.0701123	0.0346761	0.00488281	0.00305074	0.06567	0.0041533	0.000409411	
0.00875366	0.103961	0.0387444	0.00316778	0.0645151	0.00609337	0.020973	0.135604	0.0222551	0.00521935	0.0272224	0.1837	0.0295342	0.00307809	0.0001123	0.0385569	0.0878609	0.00929482	0.0678632	0.143491	
0.0439796	0.0629301	0.186915	0.0505258	0.0611302	0.00878026	0.0285503	0.054096	0.00219797	0.0551321	0.0875645	0.0613586	0.162963	0.0145	0.0241237	0.0168677	0.00347008	0.0167444	0.0520721	0.00609903	
0.056322	0.0755439	0.0654124	0.0181629	0.00845661	0.0320158	0.0529577	0.0223902	0.0766013	0.0477336	0.0283527	0.0327962	0.058341	0.0195574	0.0288274	0.0835783	0.0379989	0.147314	0.105256	0.00238154	
0.212898	0.0829692	0.00280485	0.00296139	0.000902201	0.0613053	0.0547027	0.0108695	0.00737137	0.0380275	0.165427	0.0716348	0.0101694	0.0589728	0.000259945	0.0329374	0.0669718	0.027083	0.0374162	0.0543156	
0.0143399	0.0103691	0.00119466	0.00088362	0.104454	0.0425104	0.0181242	0.0752168	0.162245	0.000178576	0.0872081	0.116573	0.040641	0.0619924	0.0069432	0.0326998	0.0667494	0.0745204	0.0484878	0.034668	
0.0206308	0.0260907	0.0712003	0.020488	0.0499919	0.0833867	0.0244557	0.0133421	0.0188701	0.0143164	0.131662	0.00527109	0.0543869	0.0327549	0.00192061	0.16877	0.041843	0.00990189	0.13428	0.0764369	
0.00164909	0.0568121	0.0631673	0.217288	0.097678	0.0463657	0.0177439	0.0431351	0.0374369	0.22194	0.004676	0.0136447	0.0609119	0.00934689	0.0149653	0.00941564	0.0266607	0.0388984	0.00362658	0.0146376	
0.00343427	0.0153669	0.0890586	0.0351016	0.033036	0.00604823	0.00062487	0.114087	0.02579	0.134027	0.0883695	0.0245029	0.000512881	0.125727	0.0152488	0.100889	0.0888228	0.0637186	0.0159572	0.0196774	
0.0879375	0.0185999	0.0837948	0.060326	0.107221	0.0651237	0.0150271	0.0363735	0.11684	0.04996	0.0667974	0.00746821	0.128932	0.0560338	0.00347896	0.0351685	0.0151859	0.0123764	0.0113072	0.0220478	
0.0873615	0.0178014	0.0392546	0.188522	0.0285171	0.0202144	0.0244158	0.0139971	0.00128817	0.11082	0.0163811	0.037164	0.0465089	0.0830382	0.040127	0.0547908	0.0893109	0.00746921	0.0119713	0.0810461	
0.013898	0.0243459	0.0645965	0.0607478	0.148311	0.150064	0.04582	0.0163377	0.131659	0.0591111	0.0930361	0.00192214	0.0222415	0.0162685	0.00478596	0.0375057	0.0255836	0.00675498	0.0749984	0.00201241	
0.00145401	0.0303716	0.0032606	0.0392533	0.00862338	0.148222	0.105437	0.0304869	0.00207449	0.0876668	0.0288169	0.0252954	0.10809	0.0193281	0.00661532	0.0103606	0.054379	0.0816211	0.123513	0.0851305	
0.203772	0.0413111	0.00547531	0.0658508	0.00974039	0.090218	0.0132837	0.0355803	0.00590202	0.159367	0.0109726	0.013687	0.0219647	0.109661	0.0105319	0.0035676	0.00184823	0.0491029	0.0459476	0.102216	
0.0340707	0.00240396	0.121066	0.00391904	0.0125637	0.0776395	0.130061	0.0240044	0.0273994	0.0275198	0.00975376	0.0863773	0.0290132	0.0747892	0.0318673	0.157371	0.0426623	0.0811646	0.0105188	0.0158353	
0.0144954	0.0130761	0.0176282	0.0817111	0.121926	0.141019	0.091302	0.0644605	0.00626903	0.0517273	0.00428099	0.0561416	0.0581981	0.0117009	0.0389328	0.103449	0.0187269	0.00272343	0.0841409	0.0180912	
0.00351342	0.214778	0.0131375	0.036783	0.0477912	0.0160545	0.109755	0.0763616	0.00255008	0.132304	0.00665866	0.0864977	0.0299174	0.0689188	0.00481264	0.0716418	0.0126443	0.0194594	0.00316913	0.043252	
0.0277111	0.111204	0.0110408	0.060408	0.129096	0.0770213	0.122111	0.0528587	0.0153984	0.0110747	0.0572285	0.0241934	0.0253833	0.0597812	0.0343765	0.0648572	0.0571399	0.0101215	0.0161504	0.0328449	
0.0106736	0.0175629	0.206022	0.0160256	0.0440841	0.117284	0.011197	0.146928	0.0106528	0.0739352	0.065597	0.0063441	0.0748872	0.0458596	0.0228668	0.0275797	0.0118668	0.0314676	0.00382395	0.0553432	
