((Acidilobus_saccharo:0.0666152586528662,(((((Methanosphaera_stadt:0.0803891968679717,Haloferax_volcanii:0.0534779747621527):0.0600936442505641,((Sulfolobus_tokodaii:0.0532979286807509,(((((((Saccharomyces_cerevis:0.0384817982844734,Halalkalicoccus_jeo:0.0191458382072876):0.0123916089678131,Archaeoglobus_fulgid:0.0891083932788083):0.0846633784684741,Rhodopirellula_baltic:0.118978063510265):0.325004384526653,Sulfolobus_acidocald:0.236379893368344):0.033445561111761,(Nitrosopumilus_mari:0.175303274809596,(Methanocorpusculum_:0.0907596931416946,Escherichia_coli:0.199208869971254):0.0715356131372392):0.045646422373974):0.0450650357272923,Loki1:0.0524673414339147):0.226140476740358,Caldivirga_maquilin:0.197957806885756):0.150618411314089):0.062126814117934,Methanobacterium_AL:0.131253606167066):0.0104788430088398):0.00711268043613116,(((((((((((((Thermotoga_maritima:0.0982938756446449,(((((Pyrolobus_fumarii:0.0217938039205155,Trichomonas_vaginalis:0.0305988738929442):0.0924303446472781,(Dictyostelium_dis:0.0261283949742734,((Thalassiosira_pseudo:0.00452169069420951,Nitrosoarchaeum_kor:0.160383998667849):0.000618000139855731,Caldiarchaeum_subte:0.35402942218073):0.326829063173981):0.0645583306617626):0.0280029268899033,Leishmania_infant:0.00866414980842631):0.0390710491731458,(((Vulcanisaeta_distri:0.0113397043255811,(Metallosphaera_cupr:0.0100594517346329,(((Thermoproteus_uzoni:0.0239943508393361,Thermoplasma_acidop:0.0261055277272465):0.0360548479541917,Chlamydia_trachomatis:0.0405176120078208):0.00171063294742351,(Methanocella_paludi:0.018873112905809,Cenarchaeum_symbios:0.115223821405203):0.00756804103301):0.097810847655741):0.075951175682321):0.0492416320633091,Loki2:0.109311747959628):0.100524884527444,Metallosphaera_sedu:0.087747223681598):0.0566122842214698):0.103059530943732,(((Ferroplasma_acidarm:0.2867602676566,Loki3:0.171149802969757):0.0100710008112314,Ferroglobus_placidu:0.0676013462323629):0.122452730777946,Halobacterium_NRC:0.199562634574201):0.0272211996554625):0.0220294488649417):0.0198228996168857,Borrelia_burgdorferi:0.132266189336739):0.0520788730649819,Methanospirillum_hun:0.125312202089582):0.0309936979944674,Bacillus_subtilis:0.0501650769479184):0.0302167881409063,((((Entamoeba_histolytica:0.0647904806082869,Methanoculleus_mari:0.0105788890156338):0.00543584135836335,(Fervidicoccus_fonti:0.15524742419459,Methanohalobium_eve:0.0806293261061186):0.0453683972575062):0.00861191249981575,Methanosphaerula_pa:0.126190689388972):0.0389054586672201,Hyperthermus_butyli:0.168585860019824):0.144162377826929):0.11339059790322,((Methanococcus_marip:0.239109556734946,Sulfolobus_solfatari:0.0136711417732878):0.148354179773047,Methanothermus_ferv:0.0414407480857357):0.0307658848874923):0.0126150026191311,Methanomassilii_MlumB10:0.0170455323525985):0.0453831002553899,Methanocaldococcus_j:0.395997336773702):0.00511621252746376,(Ignicoccus_hospital:0.237505858132621,Arabidopsis_tha:0.0240995509909385):0.00938443855319112):0.004572654993493,Staphylothermus_mar:0.28619042727214):0.0835606490529965,(Methanosaeta_thermo:0.0104334456590129,Thermofilum_pendens:0.0271468602908089):0.025845514892667):0.113401978508758,(Thermococcus_kodakar:0.0663674228895137,Tetrahymena_ther:0.10858547365924):0.122577010262921):0.00416967975507073,Campylobacter_jejuni:0.119552407831313):0.312427087854051):0.106417088074797,((Bacteroides_thetaiota:0.220523166222935,(Ca_Nitrososphaera:0.0380464638785735,(Desulfurococcus_kam:0.113568707992576,Methanotorris_igneu:0.0323639761595858):0.00148818205687078):0.0193263123481155):0.0507466620231518,Pyrobaculum_aerophil:0.00222646713613773):0.0399073656717434):0.144436595978553,Acidianus_hospitali:0.0214043469043786):0.023515178002846):0.119852734056623,((((Picrophilus_torridus:0.027045528714003,Haloarcula_marismort:0.0934241201497309):0.165908312137528,Homo_sapiens:0.0488751880087289):0.147146039512127,((Aciduliprofundum_bo:0.204129120511236,Synechocystis_PCC:0.0243462606496248):0.0769232293140413,(Sulfolobus_islandic:0.0780956679393137,(Methanosarcina_aceti:0.112959596950339,Pyrobaculum_calidif:0.0100383442759497):0.144037504298941):0.06621827320959):0.0603683446321375):0.00508306755555591,(((((Ignisphaera_aggrega:0.0668752706594591,Aeropyrum_pernix:0.118607354755285):0.00319178869512522,Thermosphaera_aggre:0.00649137004260738):0.11092266158734,Methanoplanus_petro:0.0143192116755578):0.0491945668042104,Plasmodium_falcip:0.119143439477812):0.17876643828507,Rickettsia_prowazekii:0.137260265659751):0.0359151738859299):0.19194767894607,((Pyrococcus_furiosus:0.128554510164638,Nitrosoarchaeum_lim:0.0827917102138555):0.34928258574784,Methanothermobacter_:0.0282956512582224):0.0933763715160777);
1
10
1
5000
1
1	1	1	1	1	1	1	1	1	1	1	1	1	1	1	1	1	1	1	1	

0.67971	0.0977872	2.1605	0.931123	0.150221	0.24646	1.3948	0.591849	0.17463	0.504252	0.302473	0.222127	0.582025	0.176164	1.31442	0.907049	0.889519	0.827772	1.57777	0.22542	2.16194	0.929953	1.15727	0.768218	0.12925	2.32279	0.242684	2.76591	0.0569921	0.855539	0.265751	0.863985	1.4845	0.350048	0.237452	1.46241	0.452762	0.355512	1.32257	1.28293	0.76006	0.000727207	0.776355	3.21409	1.59273	1.22951	4.56057	0.123089	1.3927	0.231657	1.07211	0.15534	1.51716	1.13979	0.317832	0.337563	1.032	3.73531	1.47022	0.293872	0.14172	1.48697	0.355753	0.512632	1.13335	0.734596	0.73805	0.284947	0.547067	0.799251	0.360918	0.0622132	1.10006	1.36675	0.423651	0.786373	0.0768259	1.35252	0.0214091	0.984289	2.29883	0.846959	1.25792	1.10746	1.59902	3.29128	0.259717	0.222168	0.583309	0.618239	1.36462	0.177417	1.3778	0.733537	0.142336	0.627585	0.231915	0.228774	1.00396	1.92158	0.10287	0.332722	1.87365	2.48194	0.334827	0.523933	1.29958	0.811772	0.749489	1.17054	0.256252	0.909023	2.83054	0.597725	0.849921	0.558009	0.236549	0.816623	0.422574	0.224131	1.26724	1.36285	0.931247	0.282852	2.33206	0.00341636	1.32347	0.550433	3.48912	0.0358907	0.0256297	0.447545	1.3918	3.03708	0.289638	1.60936	0.604161	0.868569	1.21824	1.11925	1.43083	0.448462	2.44035	0.0753956	0.937375	0.200954	0.324008	0.683107	0.148424	0.0792378	0.340241	0.71377	1.48448	1.55218	0.9921	0.3029	0.249243	0.0852606	4.67599	0.166488	0.8358	1.63484	0.806323	0.107774	0.314227	2.63353	0.199112	0.481901	1.30228	1.53343	1.80035	0.132706	0.676062	0.532165	1.21926	0.232301	0.580474	1.69898	0.582448	0.189286	0.164059	1.49881	0.0111787	0.35763	4.07631	1.09263	0.199791	0.810137	1.37017	0.0106389	

0.000833472	0.00455627	0.0473298	0.0334904	0.0112377	0.136215	0.0288781	0.0447044	0.0731254	0.0519772	0.0290146	0.0383946	0.0111589	0.0316331	0.218604	0.0844511	0.064388	0.0528858	0.0176505	0.0194725	
0.0388199	0.135551	0.00612987	0.00366796	0.0663719	0.0174636	0.0266662	0.0261722	0.0992479	0.0591022	0.0429522	0.0251305	0.0598108	0.0420195	0.0146034	0.0279961	0.0248094	0.0277654	0.0661625	0.189557	
0.0509876	0.167924	0.0575165	0.0029673	0.128178	0.00788764	0.0207435	0.0956049	0.0211	0.043411	0.0400456	0.0129061	0.0872791	0.00333273	0.0129508	0.0420349	0.0609506	0.0379058	0.0596735	0.0466005	
0.168644	0.0117076	0.00563917	0.0106673	0.0467436	0.0702462	0.0060123	0.114405	0.00943507	0.0412197	0.123519	0.0515026	0.00127221	0.164949	0.049138	0.026718	0.000303765	0.0342149	0.0422167	0.0214461	
0.108154	0.0510946	0.050315	0.0593637	0.0346504	0.129102	0.0637037	0.0217444	0.0859139	0.0697714	0.00465809	0.0168991	0.0125991	0.0761726	0.11807	0.0293716	0.0235199	0.0265491	0.0048581	0.0134892	
0.0419056	0.00769355	0.0249775	0.0125953	0.0139687	0.0348251	0.0930304	0.0449916	0.0450103	0.11283	0.0408105	0.0282975	0.0192393	0.0829954	0.0196082	0.105616	0.0720023	0.144271	0.040463	0.0148689	
0.05945	0.0110016	0.0338158	0.0102055	0.0558285	0.0649434	0.0128822	0.0056544	0.0445316	0.139572	0.115475	0.0252655	0.0607275	0.00437198	0.032283	0.00526645	0.107071	0.0177431	0.0427825	0.151129	
0.039957	0.0199308	0.0201528	0.00539555	0.0584175	0.170231	0.148825	0.0188363	0.0385957	0.0688792	0.0283312	0.0749072	0.0175572	0.00856478	0.0394189	0.0242025	0.0827358	0.0467867	0.0435951	0.0446797	
0.00141433	0.0571927	0.00736107	0.0833088	0.109487	0.0476596	0.0138847	0.01768	0.056885	0.0744699	0.0571028	0.00392615	0.00603886	0.119582	0.165384	0.039293	0.00594195	0.0827348	0.032143	0.0185113	
0.0618051	0.0450395	0.00651867	0.033561	0.0415023	0.0088945	0.0378694	0.067566	0.0523864	0.137604	0.0212742	0.0381154	0.17471	0.00406389	0.0548221	0.017394	0.0082845	0.120204	0.0268564	0.0415291	
0.0111549	0.0825699	0.0154481	0.11127	0.00345542	0.0458071	0.045873	0.0249452	0.0771799	0.107931	0.0453939	0.012036	0.0779869	0.0251198	0.0936374	0.0186241	0.09568	0.078889	0.014914	0.0120843	
0.0677224	0.0690909	0.16176	0.0374443	0.0160975	0.015644	0.0102199	0.0486967	0.0167568	0.0778854	0.0460784	0.0159008	0.0101919	0.205161	0.043496	0.0852556	0.0233729	0.00344793	0.00829673	0.0374813	
0.0279503	0.00275141	0.00910555	0.175883	0.0378904	2.1716e-06	0.0328088	0.0180403	0.00545811	0.0574821	0.0280555	0.00498667	0.00957828	0.103711	0.0303974	0.0843516	0.18845	0.041501	0.054526	0.0870702	
0.00247809	0.132082	0.0266293	0.0355019	0.0146838	0.0200236	0.135335	0.0678944	0.0285722	0.072753	0.0288182	0.0310795	0.0774176	0.0097206	0.00645434	0.174828	0.00417594	0.0745488	0.0336245	0.0233785	
0.00202221	0.174509	0.00278519	0.0663758	0.117295	0.0363994	0.0143942	0.0124542	0.0161726	0.133371	0.0236812	0.104558	0.0231857	0.0537542	0.0428194	0.0230546	0.037018	0.0218944	0.066969	0.0272855	
0.0396526	0.044675	0.124681	0.0280219	0.000757727	0.0530257	0.293521	0.0864958	0.00133027	0.0338085	0.0183032	0.0351275	0.00274383	0.011941	0.111001	0.00271524	0.0269527	0.0400298	0.0327947	0.0124217	
0.10481	0.0155164	0.0669442	0.157601	0.00253256	0.146471	0.0132689	0.0549408	0.0253793	0.0293292	0.0164607	0.0181591	0.0250131	0.00333476	0.0357183	0.0120039	0.0888132	0.0457957	0.0315297	0.106378	
0.0661459	0.154565	0.0834217	0.0294726	0.0848074	0.0125956	0.0105797	0.0450281	0.0486699	0.0494535	0.199402	0.0108692	0.0423287	0.0119957	0.0268927	0.0652411	0.00830619	0.00186478	0.0308603	0.0174997	
0.0321591	0.000734798	0.257637	0.0189081	0.0201442	0.0769841	0.039716	0.052068	0.111267	0.0143846	0.0266219	0.0628869	0.019797	0.00751694	0.0773879	0.0288377	0.0160909	0.0806169	0.00714835	0.0490935	
0.0169825	0.0295618	0.0233541	0.0105298	0.0354442	0.148311	0.159768	0.0531329	0.136621	0.0259665	0.00710713	0.0260998	0.112872	0.0104582	0.0871152	0.038528	0.0107433	0.0085641	0.00500457	0.0538362	
0.0271498	0.00148156	0.00657293	0.0280742	0.0321171	0.00891312	0.00493058	0.031636	0.170269	0.0927362	0.0274064	0.140391	0.0156706	0.00441253	0.166823	0.0266748	0.071442	0.0561971	0.0294536	0.0576492	
0.100262	0.0134221	0.00630201	0.0450724	0.106455	0.0574802	0.115661	0.00119495	0.0158011	0.0389821	0.0495325	0.0930632	0.0247846	0.00298981	0.1241	0.0754912	0.0335448	0.0779244	0.0144667	0.00347073	
0.0121754	0.0208041	0.0858731	0.0376168	0.0632421	0.00318969	0.0437067	0.158332	0.00107743	0.0405677	0.0930467	0.000143751	0.00417589	0.026631	0.0176571	0.0573051	0.101851	0.112962	0.0317969	0.0878449	
0.0122565	0.0120396	0.0027794	0.00619205	0.0581902	0.0271422	0.0151899	0.0669961	0.0239013	0.0476184	0.0136666	0.00962515	0.0272311	0.0347997	0.0278292	0.0370445	0.237884	0.092283	0.210137	0.0371943	
0.26079	0.059528	0.011129	0.0086098	0.00628219	0.010569	0.0183631	0.026535	0.0277336	0.000659983	0.123013	0.0678789	0.0669839	0.029038	0.00287447	0.0103117	0.0602608	0.0900426	0.0623027	0.0570938	
0.0552062	0.101826	0.0666475	0.0264022	0.02023	0.0716303	0.0289938	0.029507	0.0623906	0.127279	0.095728	0.0771238	0.00204783	0.00107735	0.0410397	0.015865	0.0219178	0.054136	0.0352046	0.0657467	
0.002377	0.0333382	0.209419	0.0221047	0.0356101	0.0126665	0.0959771	0.112223	0.0691926	0.0818408	0.0110592	0.0469341	0.0166924	0.00547039	0.0136855	0.0309777	0.0317569	0.123605	0.00932589	0.0357429	
0.131928	0.0769341	0.0832077	0.000701338	0.0791973	0.0595525	0.0103578	0.0282091	0.0064313	4.60374e-05	0.121203	0.0902206	0.015138	0.0394024	0.0877556	0.0345871	0.0221801	0.0238548	0.0720163	0.0170764	
0.0040577	0.0301717	0.0114509	0.0143933	0.0164251	0.00209818	0.0902066	0.17532	0.0299163	0.00761968	0.0095698	0.182827	0.22416	0.00024663	0.0613671	0.0178659	0.00502358	0.0903248	0.0101568	0.016799	
0.0459294	0.106967	0.121733	0.0818038	0.00856328	0.0060495	0.0263261	0.00613737	0.116042	0.0104973	0.00174966	0.0918755	0.00639645	0.0267532	0.106501	0.0417194	0.093457	0.0330671	0.0202416	0.048191	
0.0270792	0.0401457	0.000814144	0.084517	0.0316421	0.126133	0.0205259	0.1431	0.103414	0.0100183	0.0143396	0.0246877	0.0628951	0.173193	0.0678375	0.0268403	0.0164237	0.00171775	0.0175486	0.00712756	
0.00498983	0.0654487	0.0593836	0.0690736	0.0377439	0.118126	0.0482044	0.057332	0.0488427	0.00136843	0.116938	0.156683	0.0199999	0.00266572	0.000554175	0.00857653	0.126737	0.0013656	0.0142074	0.0417591	
0.0360717	0.00149574	0.00757233	0.149417	0.0760162	0.0342992	0.0448837	0.0368856	0.0104442	0.00940697	0.063328	0.0728908	0.00322507	0.0650424	0.052075	0.0758914	0.089038	0.0146893	0.0656896	0.0916373	
0.0216456	0.0876816	0.0961907	0.00978954	0.028983	0.0164215	0.0268298	0.0351775	0.0304194	0.000998352	0.011993	0.131721	0.0497758	0.104011	0.00318992	0.0128071	0.0932254	0.0644257	0.119797	0.0549166	
0.0872284	0.0937202	0.000715947	0.0112345	0.000683729	0.00553246	0.0291023	0.143271	0.0223172	0.000421404	0.0241145	0.0184352	0.0146254	0.0173642	0.0951025	0.114332	0.0626774	0.151471	0.106977	0.000673718	
0.0847817	0.163333	0.0477169	0.0372119	0.000278736	0.118091	0.0205754	0.0344745	0.039294	0.00774267	0.0419893	0.00436643	0.0301969	0.0323966	0.081032	0.0788098	0.0729538	0.0275466	0.0338317	0.0433779	
0.0604111	0.0261257	0.0400103	0.0833306	0.14507	0.0137428	0.0226207	0.00386629	0.00380105	0.125452	0.109658	0.0226162	0.00844526	0.0913928	0.0109363	0.0624	0.0839939	0.0023245	0.0004537	0.0833492	
0.00779808	0.0786163	0.0434811	0.00723649	0.111827	0.0104829	0.0813902	0.128599	0.0191606	0.0575983	0.00365362	0.0105464	0.119868	0.0458761	0.00967526	0.0256197	0.0790176	0.0883492	0.0488602	0.0223439	
0.0950424	0.116188	0.0170365	0.00653883	0.025658	0.0358959	0.0384033	0.0310771	0.00943907	0.0101503	0.0168057	0.0233909	0.0524481	0.0290624	0.215121	0.0339133	0.0497905	0.140411	0.0373638	0.0162644	
0.0272541	0.0315037	0.0653662	0.185762	0.122609	0.0536888	0.0313608	0.00711185	0.0778432	0.00807941	0.0108771	0.0367402	0.000203053	0.0055627	0.0869191	0.199561	0.00729344	0.0365723	0.00160381	0.00408859	
0.0240487	0.0126413	0.0433922	0.0332519	0.0318473	0.0176059	0.0656986	0.00475219	0.137317	0.0483418	0.17577	0.153786	0.0184899	0.0500152	0.00773801	0.0182673	0.0424583	0.071736	0.0340674	0.00877479	
4.73107e-05	0.109134	0.0192335	0.193203	0.0111003	0.000528288	0.0173372	0.0245953	0.00745613	0.0846572	0.0918542	0.00765156	0.0107324	0.0225873	0.175928	0.0461927	0.0422592	0.00716288	0.0139514	0.114388	
0.0777392	0.0232405	0.0247978	0.0222543	0.089066	0.0359736	0.00403546	0.000117994	0.0649683	0.0264572	0.0567196	0.000146099	0.17223	0.0465725	0.0205375	0.0154185	0.138938	0.109989	0.0185905	0.0522079	
0.143201	0.111925	0.00525975	0.0353135	0.00823844	0.00901058	0.00397297	0.0126726	0.0940596	0.09504	0.0656548	0.0666235	0.0138145	0.0432515	0.164354	0.011172	0.00236142	0.00930133	0.0640887	0.0406844	
0.00369139	0.0250171	0.00481506	0.00340148	0.216369	0.0980807	0.0574907	0.00901432	0.00778153	0.0494645	0.0576998	0.0503153	0.0426106	0.00575608	0.0614963	0.207414	0.00954548	0.0194125	0.0132733	0.0573511	
0.0960827	0.000630558	0.0175965	0.00825921	0.023737	0.0359952	0.134868	0.0582953	0.0097149	0.0708952	0.00796381	0.140235	0.0597169	0.0199787	0.035597	0.156771	0.00423601	0.0494044	0.00568475	0.0643384	
0.0234246	0.0276279	0.0238227	0.0955007	0.104819	0.160795	0.0285071	0.0265714	0.00503987	0.0879083	0.0216651	0.0913327	0.00023544	0.0111976	0.0657782	0.000782669	0.109965	0.0371515	0.00707624	0.0707998	
0.109057	0.0368299	0.0168471	0.0272159	0.015528	0.0739406	0.0834012	0.0516323	0.0897256	0.00539864	0.0837116	0.0069827	0.106149	0.0196582	0.00351141	0.0634996	0.0697257	0.0564725	0.0494963	0.0312164	
0.0489104	0.0680308	0.081977	0.0204975	0.147073	0.0515564	0.0689676	0.00279091	0.0290393	0.0702084	0.00289513	0.0475652	0.0453911	0.0903429	0.018748	0.0545596	0.00255698	0.000925228	0.118714	0.0292507	
0.0171604	0.0624349	0.189381	0.126835	0.0370906	0.00639478	0.0470507	0.0673095	0.0113916	0.0200688	0.0191866	0.0122147	0.00309725	0.0577143	0.0740061	0.0987375	0.0420173	0.0335796	0.0191875	0.0551425	
0.0200101	0.11706	0.0694569	0.194363	0.0179558	0.00545308	0.0374524	0.0121269	0.028659	0.0365507	0.123965	0.067412	0.043312	0.0120962	0.0427947	0.0874555	0.0241372	0.0188273	0.0368083	0.00410469	
0.0402216	0.0330754	0.127311	0.0363999	0.0100592	0.0045549	0.0685447	0.0383495	0.0122036	0.0318338	0.0267371	0.0782643	0.00139957	0.000439388	0.152467	0.0431756	0.077106	0.114567	0.0831816	0.0201086	
0.0154451	0.0293331	0.0295713	0.127823	0.0243457	0.00827032	0.0994487	0.0429833	0.0102423	0.0335487	0.0282129	0.0490295	0.0224469	0.0255944	0.0611531	0.00355088	0.0922925	0.0258169	0.0327824	0.238109	
0.0449282	0.0330252	0.00387917	0.0709222	0.049183	0.0878589	0.0243818	0.0487653	0.119061	0.0201724	0.165315	0.00715197	0.0090565	0.00654737	0.109723	0.0623094	0.0277457	0.0483638	0.0483559	0.0132537	
0.079134	0.0216485	0.066897	0.0268527	0.0316577	0.0892133	0.0849009	0.0584425	0.126953	0.00594587	0.0780382	0.164417	0.00198821	0.00548106	0.0389284	0.020003	0.0225873	0.0373934	0.0176776	0.0218405	
0.0508073	0.0570354	0.107237	0.0574235	0.0295721	0.0613547	0.0294962	0.113006	0.0537199	0.0246075	0.0181656	0.0133246	0.0701877	0.110924	0.00968444	0.0759035	0.0639318	0.00571963	0.0135708	0.0343284	
0.0176949	0.137617	0.0199454	0.0927856	0.00820635	0.0841837	0.0502708	0.0245634	0.0471503	0.0391443	0.0552874	0.0348589	0.00350831	0.0358481	0.0127709	0.161431	0.128998	0.0216764	0.0207091	0.00335027	
0.0395852	0.0736401	0.0915845	0.0518785	0.0523068	0.0106677	0.0747845	0.00707592	0.0203872	0.0172023	0.057016	0.0308997	0.0141221	0.0538425	0.044182	0.0398193	0.0113722	0.141719	0.149962	0.0179531	
0.0321174	0.165425	0.000120239	0.0209383	0.0679574	0.00493038	0.00293435	0.0118023	0.109773	0.0150749	0.0424922	0.0170732	0.0269152	0.00113617	0.0256743	0.19401	0.0526983	0.0392199	0.0537407	0.115967	
0.0164655	0.0435199	0.0438219	0.0687679	0.119009	0.0942672	0.0118398	0.00467201	0.0746081	0.164421	0.0101597	0.00492658	0.0138241	0.0173047	0.101368	0.0100736	0.0785586	0.0377016	0.015271	0.0694196	
0.0236502	0.0137816	0.121564	0.182025	0.0152228	0.0925054	0.0627673	0.0219907	0.0359629	0.0923282	0.0244087	0.109608	0.00473321	0.033604	0.013367	0.01742	0.025943	0.0314501	0.00435166	0.0733156	
0.0180909	0.024039	0.0532463	0.0340617	0.0566624	0.0077579	0.0582013	0.0428921	0.0962952	4.15216e-05	0.0468878	0.107559	0.113217	0.0101501	0.160433	0.0149522	0.0972557	0.00293701	0.045702	0.00961772	
0.0996707	0.0887322	0.0171214	0.0879862	0.049087	0.00618575	0.0056165	0.0304667	0.0217186	0.00452049	0.0114653	0.0896434	0.0114474	0.10348	0.0542666	0.0625597	0.169623	0.0565349	0.0177826	0.0120916	
0.0186854	0.0634365	0.00207908	0.0247959	0.00581092	0.0212888	0.105574	0.0709802	0.0132932	0.0899403	0.0378515	0.0573337	0.126733	0.00458841	0.0215743	0.11369	0.0524918	0.0284047	0.00874004	0.132708	
0.057618	0.0239402	0.0432584	0.00453613	0.0282061	0.04252	0.0779704	0.0715117	0.00233524	0.0253611	0.0851646	0.063499	0.0532802	0.0493738	0.00923284	0.0173535	0.138423	0.133539	0.0264127	0.0464638	
0.0666218	0.00921676	0.102776	0.00236236	0.00939758	0.0826796	0.0545604	0.0606263	0.0512448	0.0159558	0.0822329	0.0127185	0.0605348	0.082285	0.141504	0.041624	0.0208515	0.0226641	0.0297229	0.0504211	
0.00466638	0.0154864	0.00475706	0.0301688	0.0432841	0.0499244	0.0595149	0.0108638	0.0644895	0.0727053	0.072305	0.0091933	0.0116217	0.0212419	0.189207	0.02026	0.0339949	0.060089	0.124236	0.10199	
0.0714384	0.218578	0.162504	0.00699744	0.00495762	0.00791628	0.0266158	0.0214288	0.0923216	0.00913944	0.0238929	0.00125033	0.00756002	0.171173	0.00223301	0.00338592	0.021844	0.0627308	0.0186408	0.0653921	
0.0201844	0.00272729	0.00081005	0.0936143	0.0802198	0.138789	0.0024675	0.0571362	0.00676292	0.00922444	0.090346	0.00231567	0.00833408	0.0473416	0.121907	0.0221624	0.0375865	0.0534393	0.174401	0.0302311	
0.0514981	0.0737776	0.00689399	0.0538294	0.0262581	0.0336672	0.0533151	0.00243672	0.136283	0.00214684	0.10434	0.0499012	0.0432123	0.066343	0.0157653	0.0590804	0.067763	0.0462409	0.0618724	0.0453759	
0.025735	0.0974986	0.0157658	0.026052	0.0752412	0.0515067	0.00360053	0.0281818	0.0957165	0.072306	0.0337983	0.162099	0.0897028	0.0110791	0.018893	0.0114636	0.0196439	0.0384527	0.118773	0.00449038	
0.106052	0.101728	0.0581654	0.00215875	0.114278	0.0336506	0.0416145	0.0252493	0.0998117	0.00958911	0.000172302	0.029583	0.00368581	0.0632678	0.0564303	0.112021	0.0414782	0.0104405	0.0474431	0.0431805	
0.00704763	0.0195322	0.0271982	0.184246	0.0351757	0.0471767	0.0663019	0.0371039	0.129399	0.0577212	0.187125	0.024199	0.0403968	0.0493286	0.015212	0.00602159	0.0343833	0.00120038	0.00266829	0.0285614	
0.117481	0.00181822	0.00457916	0.0296557	0.0173489	0.0748519	0.0362087	0.0958594	0.111066	0.0413713	0.00689417	0.0516971	0.00251656	0.0359823	0.0895996	0.108791	0.0830185	0.00766214	0.0504071	0.0331917	
0.0763976	0.0149636	0.0165409	0.121352	0.0612527	0.0389037	0.00878103	0.145255	0.00826301	0.0116067	0.00928704	0.0306799	0.0907673	0.0325929	0.1042	0.0407145	0.0756058	0.0587004	0.0490907	0.00504544	
0.0411469	0.0105435	0.0335569	0.000516927	0.0502705	0.0102516	0.0176434	0.0437404	0.11189	0.0322249	0.0317209	0.0932282	0.223414	0.00682134	0.0705773	0.0523935	0.00993772	0.107308	0.00862676	0.0441876	
0.00804761	0.216348	0.0244726	0.00991723	0.00142479	0.016664	0.0561235	0.0197646	0.0778038	0.178539	0.0243302	0.00678777	0.036339	0.0634459	0.0959535	0.0201245	0.0264212	0.0973539	0.00330146	0.0168376	
0.0030313	0.0418621	0.0422223	0.0180982	0.0688622	0.0443267	0.00967895	0.0133008	0.0237467	0.00826847	0.107353	0.0189733	0.0445699	0.142302	0.00801852	0.0188604	0.0390067	0.278947	0.0139457	0.0546258	
0.00266816	0.0343285	0.0362647	0.064338	0.105487	0.0126561	0.0260664	0.0199548	0.0248892	0.0472384	0.0175771	0.0391454	0.0895616	0.0738741	0.00361698	0.00535936	0.134244	0.0114008	0.148335	0.102995	
0.00488583	0.0913591	0.0363108	0.0353985	0.0526062	0.00137348	0.0245526	0.0859183	0.0360803	0.0175878	0.0485319	0.0083077	0.076339	0.0199185	0.162182	0.071017	0.0650673	0.0027642	0.0376339	0.122165	
0.229411	0.0446827	0.0323495	0.000816673	0.0144419	0.139145	0.050804	0.00074542	0.0304676	0.0241682	0.0402517	0.152229	0.0397482	0.0117146	0.0438802	0.0121257	0.0346733	0.0286109	0.0391845	0.0305498	
0.0330972	0.0873914	0.00639362	0.00781055	0.0397452	0.00885037	0.0442336	0.0211971	0.027513	0.00242445	0.0906189	0.00900225	0.122532	0.0457053	0.0136341	0.00376544	0.049718	0.0138532	0.292875	0.0796396	
0.0584543	0.134268	0.0292264	0.050813	0.0311411	0.0467344	0.0736416	0.0695516	0.0939763	0.0410052	0.0513219	0.00122362	0.120839	0.0602516	0.0169639	0.0707655	0.00457328	0.0122356	0.00638674	0.0266271	
0.0780706	0.0122786	0.10307	0.0161265	0.163197	0.0186424	0.0276448	0.0737629	0.0932293	0.00148316	0.0921376	0.00870664	0.0307996	0.0330568	0.00953405	0.0214851	0.00173996	0.117833	0.0494276	0.0477739	
0.0129504	0.06654	0.0379393	0.0602238	0.0500619	0.0308476	0.0377067	0.0138564	0.00972298	0.0664859	0.018467	0.158748	0.0225417	0.0648602	0.0672495	0.0293229	0.00157198	0.0407164	0.137596	0.0725909	
0.0335412	0.10135	0.0622361	0.028584	0.00971261	0.0695859	0.0816382	0.0440517	0.037441	0.0817739	0.115755	0.112606	0.00260443	0.0222595	0.115624	0.0623436	0.00630892	0.00556006	0.00022435	0.00679926	
0.067327	0.0164069	0.0528422	0.063455	0.0676051	0.0067565	0.0574446	0.0988773	0.11133	0.0403253	0.0434194	0.0219052	0.0101852	0.123411	0.0212621	0.0358157	0.11009	0.0315304	0.013785	0.00622554	
0.0613772	0.00288886	0.139761	0.128939	0.0228205	0.0386834	0.0347159	0.0497595	0.00777063	0.0923818	0.0154543	0.0442462	0.01081	0.0372488	0.0501094	0.0406235	0.089102	0.0498807	0.0149508	0.0684759	
0.0163588	0.101277	0.0189659	0.0414924	0.0681523	0.00374285	0.0574343	0.0157334	0.0754639	0.0401642	0.185512	0.0352084	0.033498	0.00291327	0.067678	0.0536903	0.103559	0.0268443	0.0304862	0.0218254	
0.0127273	0.0663756	0.0158451	0.0541876	0.0258354	0.0286613	0.14042	0.0790711	0.0733184	0.0566483	0.00855373	0.0308496	0.0563362	0.0123528	0.0106637	0.0225926	0.00336611	0.0278376	0.0911734	0.183184	
0.0365152	0.0224903	0.0191399	0.00872152	0.0256228	0.000697497	0.0507629	0.0535977	0.0256405	0.0581999	0.0757815	0.00448723	0.025609	0.031751	0.0790437	0.0303115	0.170955	0.0407783	0.148491	0.0914041	
0.0773899	0.0567672	0.0689062	0.0158237	0.0287373	0.209316	0.0310216	0.0219626	0.0178533	0.0442696	0.0184832	0.0264649	0.0284742	0.0419076	0.0897394	0.021971	0.0944888	0.0341886	0.0347526	0.0374817	
0.00524812	0.0731836	0.060607	0.0399859	0.107055	0.00783907	0.0285494	0.0304128	0.046516	0.0860487	0.0264579	0.0394958	0.088632	0.136207	0.04607	0.00988575	0.0454368	0.0124507	0.0753127	0.0346061	
0.0355439	0.0434992	0.0689133	0.088597	0.0703942	0.0522555	0.020734	0.0022658	0.0403206	0.207572	0.00453276	0.107885	0.0178498	0.0425411	0.0236674	0.0268093	0.0539316	0.0130632	0.0592972	0.0203275	
0.0432665	0.101738	0.0813782	0.00137436	0.00175066	0.133421	0.0626843	0.068439	0.0158235	0.000313359	0.162261	0.0556874	0.0378992	0.017343	0.0578095	0.0618144	0.0229972	0.0394307	0.00675308	0.0278155	
0.0934856	0.00373493	0.0381442	0.0956369	0.0381827	0.0806555	0.0125276	0.0146937	0.00798116	0.0440908	0.0155631	0.178877	0.0412488	0.0985312	0.0501965	0.00132884	0.0586325	0.0617583	0.00555944	0.0591711	
0.0465869	0.0241329	0.0258496	0.0154699	0.163487	0.0930706	0.0268092	0.0470666	0.00906268	0.0614214	0.0587462	0.135405	0.0517613	0.00537221	0.0249058	0.031899	0.025728	0.040298	0.10161	0.0113174	
0.018878	0.133101	0.000453627	0.0585316	0.0113393	0.0278944	0.137085	0.0893262	0.0157939	0.0114038	0.2253	0.0270509	0.0294197	0.00828426	0.00719493	0.0148285	0.0494972	0.0683398	0.0498631	0.0164153	
0.0708109	0.0993747	0.0172291	0.00338218	0.21557	0.00102492	0.010096	0.0234912	0.0367762	0.0533328	0.0320711	0.0241123	0.0293466	0.0891353	0.00919414	0.136946	0.0150698	0.0445674	0.0224689	0.066001	
0.0498174	0.0225216	0.068714	0.252939	0.0154653	0.0575276	0.0375929	0.0659828	0.0369236	0.0336567	0.0356667	0.0400016	0.0231177	0.0102064	0.0485239	0.0238553	0.0158238	0.0826088	0.0763447	0.00271053	
0.0550329	0.0224016	0.0236789	0.0113262	0.00201458	0.224773	0.0587463	0.00433742	0.000860905	0.0774272	0.0517606	0.0240686	0.0106986	0.0177177	0.0948368	0.0393737	0.00581119	0.081573	0.160458	0.0331028	
0.00264327	0.0136816	0.0933062	0.152682	0.0178147	0.00260659	0.0267652	0.0212724	0.0593139	0.0891974	0.079151	0.17706	0.0408291	6.1798e-05	0.0388295	0.00614926	0.0298118	0.0547577	0.0759231	0.0181435	
0.0501472	0.0704793	0.0176708	0.0692865	0.041617	0.0126944	0.142195	0.0436382	0.0278107	0.0287501	0.00519913	0.0503344	0.0473079	0.0672077	0.0483127	0.0769227	0.0525163	0.0660625	0.0408005	0.0410471	
0.0291627	0.0255185	0.0385422	0.0491	0.0400609	0.0112279	0.0154119	0.0727346	0.0840426	0.00746521	0.019776	0.0252633	0.00259205	0.108532	0.131202	0.130725	0.0679585	0.0618905	0.0615645	0.0172297	
0.0456031	0.146538	0.0150938	0.0858602	0.0928174	0.146195	0.0280776	0.0194244	0.150028	0.000974367	0.015865	0.0211149	0.0217991	0.0438015	0.00930293	0.0108288	0.0180501	0.0270603	0.000743192	0.100822	
0.0656244	0.0168435	0.0840942	0.0399504	0.0206454	0.0672578	0.0542209	0.0461257	0.0156238	0.0344206	0.00298626	0.018744	0.0285195	0.014416	0.0925281	0.00394719	0.131243	0.00731031	0.241235	0.014264	
0.0185687	0.0660588	0.190361	0.0419561	0.00752398	0.037473	0.0504071	0.0211761	0.0192853	0.113799	0.0136275	0.0399649	0.0581065	0.0416528	0.00603885	0.00685316	0.0942782	0.0616105	0.0568386	0.0544197	
0.0447372	0.0256864	0.105124	0.116464	0.0760428	0.109354	0.0252938	0.0688531	0.143906	0.0409346	0.0164581	0.0311244	0.0187136	0.00518039	0.0414145	0.0539605	0.00962011	0.0145556	0.0441395	0.00843736	
0.0848008	0.00661331	0.0414975	0.00987098	0.00403134	0.0539831	0.0226144	0.0164637	0.0871368	0.0555756	0.178282	0.0903823	0.0572867	0.000635009	0.10003	0.0164876	0.0075027	0.0100394	0.0140451	0.142722	
0.024763	0.0678518	0.00977905	0.128467	0.000488279	0.0101098	0.0481061	0.0263586	0.0483155	0.0128616	0.0179507	0.0702277	0.114923	0.0248824	0.0855034	0.0736631	0.000650013	0.0415094	0.0476606	0.14593	
0.150371	0.0377624	0.0168053	0.0115798	0.0180957	0.0480101	0.132045	0.0514861	0.0840533	0.162073	0.02896	0.0326377	0.101174	0.0198083	0.0153509	0.00998911	0.0400498	0.00275331	0.0360121	0.000982821	
0.0220767	0.0222087	0.0300091	0.0181297	0.0273648	0.104771	0.219278	0.00398987	0.0307603	0.0319799	0.120131	0.0641037	0.00981797	0.000145845	0.0691649	0.0274083	0.0254923	0.0534786	0.0137096	0.10598	
0.0636382	0.0373057	0.0779402	0.0312338	0.0463084	0.0635825	0.0954895	0.0462839	0.0220945	0.0425496	0.0205756	0.154135	0.00961161	0.0335627	0.00729495	0.00774941	0.106333	0.0770626	0.0307704	0.0264783	
0.00295111	0.280321	0.0462404	0.00119293	0.00123119	0.00691196	0.00766011	0.105144	0.0824982	0.0782404	0.0359087	0.00458235	0.0172349	0.0741831	0.0893579	0.00381801	0.0534721	0.0585343	0.0113022	0.0392146	
0.0265409	0.0277629	0.0810699	0.0482946	0.00210494	0.0216424	0.0752833	0.0502408	0.10338	0.0796006	0.0147271	0.00236937	0.0549568	0.0411207	0.0302645	0.0172943	0.0690438	0.0929754	0.0442928	0.117035	
0.00881074	0.150668	0.00795058	0.014297	0.00305158	0.00210634	0.027676	0.0221122	0.0197037	0.0597613	0.019285	0.281437	0.0143431	0.168597	0.0133468	0.00351871	0.0254434	0.0304691	0.0830414	0.0443813	
0.0342212	0.0950985	0.0169239	0.021005	0.0140242	0.0124596	0.00231591	0.0686028	0.0048935	0.0610934	0.0144959	0.192723	0.0248333	0.132804	0.0229363	0.093675	0.0392329	0.0461015	0.0893319	0.0132285	
0.0775292	0.0507924	0.0642208	0.127672	0.0400948	0.00211995	0.00319621	0.041434	0.0557128	0.0783199	0.00430268	0.0278559	0.127193	0.0153685	0.0628942	0.040468	0.0155358	0.0541334	0.0665278	0.0446296	
0.00400677	0.058628	0.053395	0.0056128	0.000941267	0.00866622	0.0541726	0.0450568	0.00928491	0.11584	0.0628891	0.05774	0.0134775	0.0565249	0.0108851	0.00424555	0.298181	0.102713	0.0207477	0.0169918	
0.0794626	0.00232279	0.0103921	0.126768	0.151188	0.0374726	0.0499858	0.0134284	0.0551068	0.0271611	0.0131887	0.0325486	0.0163553	0.11081	0.0446208	0.0178419	0.0313097	0.0213547	0.0352137	0.123468	
0.133959	0.0643675	0.050202	0.0294331	0.00859855	0.0460318	0.0380513	0.0496146	0.0118868	0.135693	0.0431609	0.00216153	0.0523087	0.0648991	0.0721824	0.0269197	0.0266595	0.0130439	0.0614279	0.0693983	
0.0489246	0.0645494	0.00410486	0.0463547	0.08342	0.151626	0.061266	0.0415632	0.0690782	0.00510374	0.0234409	0.0746872	0.0137274	0.108075	0.0212187	0.00113292	0.104645	0.0162909	0.0167654	0.044026	
0.0796677	0.00778194	0.0589311	0.0811258	0.0852903	0.0150317	0.137191	0.027788	0.013548	0.103308	0.0191958	0.0106673	0.00759514	0.190564	0.0227717	0.00490085	0.0108466	0.0245474	0.0573821	0.0418658	
0.0817585	0.191821	0.00985375	0.00183354	0.0344442	0.0943622	0.062046	0.0115193	0.0656979	0.0295273	0.00573076	0.198868	0.0507826	0.00556808	0.0273524	0.00178595	0.00895624	0.0519344	0.0377337	0.0284248	
0.0191377	0.0282911	0.0243696	0.00428055	0.0661435	0.062249	0.0323048	0.0548262	0.22462	0.0103044	0.0189853	0.0103024	0.0393548	0.152781	0.0415883	0.0334784	0.0231054	0.0354615	0.0536774	0.0647395	
0.010426	0.0528544	0.0488577	0.022006	0.0192273	0.043918	0.0502493	0.0554915	0.0137336	0.0207698	0.0198418	0.0268187	0.0531917	0.0650574	0.0520215	0.0499121	0.160076	0.0197901	0.0175866	0.198171	
0.0264366	0.02239	0.0761574	0.186358	0.00759526	0.162947	0.000504554	0.00110629	0.0614895	0.0315071	0.0753176	0.0265759	0.00779251	0.0270623	0.0143038	0.128035	0.00273253	0.0523814	0.0134892	0.0758181	
0.0347631	0.00400676	0.0322068	0.00198115	0.0307133	0.0466469	0.138136	0.0232537	0.0826169	0.0444011	0.0598168	0.0269867	0.094336	0.00746815	0.0186688	0.0958885	0.0257157	0.07754	0.150971	0.00388239	
0.0448386	0.0927515	0.0741024	0.0147534	0.212704	0.0264098	0.0318718	0.0518934	0.017724	0.0233402	0.0758905	0.00619724	0.00128745	0.0261425	0.0208334	0.00535986	0.160272	0.0108228	0.0390566	0.0637486	
0.0118224	0.0160114	0.0797311	0.0785552	0.0292844	0.0267322	0.0421556	0.0414017	0.077722	0.00194343	0.0422937	0.115107	0.0916311	0.020289	0.0423738	0.0552147	0.0375366	0.0789815	0.047334	0.0638791	
0.0423274	0.00166257	0.0970767	0.0932399	0.0385593	0.014992	0.00830434	0.0067712	0.00721486	0.013284	0.162153	0.0411056	0.174434	0.03355	0.0450812	0.0146074	0.0676474	0.0275414	0.0229178	0.0875295	
0.0565788	0.0331876	0.206386	0.0255826	0.00822424	0.111508	0.065493	0.0170779	0.0258868	0.0632874	0.0585162	0.0135193	0.00618545	0.0384966	0.010326	0.0824654	0.0097118	0.0446859	0.0797525	0.0431289	
0.0238361	0.0815255	0.0132259	0.00888337	0.0258906	0.0793002	0.0883551	0.231128	0.0620871	0.068447	0.0364256	0.0423326	0.0181124	0.0113639	0.0194658	0.0425453	0.0347233	0.0209949	0.0121957	0.0791615	
0.0373894	0.0512904	0.0564095	0.00862899	0.0637063	0.0522362	0.0459084	0.0386148	0.0829168	0.00446994	0.0434841	0.0142402	0.0561443	0.0341958	0.00980941	0.107983	0.00562116	0.22756	0.00259486	0.0567972	
0.0314066	0.0369777	0.0145436	0.0484678	0.00114181	0.117044	0.0319897	0.143225	0.0738918	0.0098353	0.0681999	0.00135163	0.0078883	0.0911657	0.0033935	0.043181	0.101895	0.0925904	0.00572363	0.076088	
0.0284512	0.0061955	0.00411542	0.072776	0.0240668	0.0180972	0.0439196	0.0350447	0.0233293	0.028986	0.0465454	0.0356249	0.0247098	0.118521	0.0908232	0.117454	0.132328	0.0835993	0.0174024	0.04801	
0.0392855	0.0458763	0.0290524	0.0155314	0.0861449	0.00171338	0.127646	0.093414	0.0250878	0.0103548	0.00719287	0.0837794	0.0276476	0.015812	0.00452837	0.0412384	0.156875	0.0827227	0.0123887	0.0937081	
0.037383	0.0659815	0.133915	0.0987525	0.0792759	0.00540059	0.0112024	0.0206679	0.00995927	0.0327556	0.165362	0.0777622	0.0001063	0.0211779	0.0173775	0.0239045	0.0242529	0.106804	0.0185934	0.0493662	
0.215374	0.0452494	0.0893	0.0661683	0.0150718	0.121879	0.0184934	0.0166646	0.0974952	0.00453927	0.0079008	0.0598907	0.094698	0.0107324	0.00491423	0.0256843	0.00841335	0.0397826	0.0352034	0.0225454	
0.0818962	0.00350746	0.0256757	0.0734334	0.0652444	0.175344	0.0191036	0.00642835	0.0932496	0.036956	0.00733274	0.083654	0.0132865	0.0115675	0.0299216	0.0121212	0.0531189	0.0425051	0.00619978	0.159455	
0.0273995	0.0915482	0.0633944	0.00262439	0.0123119	0.0610906	0.0150512	0.0580035	0.00222406	0.00946592	0.0587347	0.0249428	0.222959	0.0599541	0.0124207	0.032662	0.0360713	0.0771082	0.0699668	0.0620669	
0.040591	0.0703144	0.0716122	0.196899	0.0116776	0.00059607	0.0149027	0.0303012	0.0432798	0.0249187	0.00244646	0.177514	0.0210918	0.0765175	0.0615875	0.013885	0.036356	0.0301465	0.0314097	0.0439534	
0.0191641	0.107779	0.0105323	0.0163225	0.0429329	0.0262452	0.0334049	0.0899946	0.0379206	0.25647	0.105824	0.0341258	0.0205039	0.103453	0.0104336	0.0143964	0.0156121	0.0148302	0.0332746	0.00678002	
0.0126369	0.0225177	0.0956579	0.0108599	0.133141	0.0439848	0.0910086	0.0270093	0.0473334	0.0265448	0.0651759	0.018486	0.0410641	0.0275907	0.159944	0.0260016	0.0533587	0.0539516	0.0411528	0.00257998	
0.011099	0.073434	0.120229	0.259431	0.0246739	0.0191494	0.016803	0.00535542	0.0115715	0.00686336	0.0937402	0.0291107	0.0998107	0.0320392	0.0583482	0.00405319	0.0265513	0.0548764	0.0346228	0.0182374	
0.0470274	0.0467784	0.0166764	0.0868114	0.0371561	0.041754	0.0198765	0.0193913	0.0443609	0.0418154	0.0567048	0.0128554	0.0998164	0.0171523	0.0257512	0.0798553	0.0838464	0.202529	0.0182619	0.00157934	
0.0196985	0.000944831	0.117038	0.0643113	0.0605333	0.00244332	0.0706595	0.0368939	0.101023	0.169613	0.0917641	0.0229269	0.00222623	0.0270773	0.0213251	0.0110773	0.00611854	0.123377	0.0431281	0.00782083	
0.123507	0.0138591	0.0385627	0.0467759	0.0030302	0.000889011	0.168861	0.0363967	0.0500976	0.0912928	0.0495734	0.0238931	0.002046	0.0149506	0.0347023	0.00404353	0.116139	0.0481626	0.110374	0.0228435	
0.0877903	0.0196514	0.254136	0.120072	0.0166708	0.00672656	0.0147531	0.0544058	0.00274504	0.00832272	0.0325271	0.114346	0.0555819	0.0172504	0.000839217	0.0189148	0.0442446	0.0707116	0.0341696	0.0261411	
0.0240391	0.105498	0.00537799	0.119196	0.0568938	0.00648633	0.0205531	0.0303913	0.0802792	0.101117	0.00883222	0.00390799	0.0536329	0.129653	0.0417349	0.038845	0.00648246	0.0152883	0.141773	0.0100183	
0.0588034	0.0873792	0.00347643	0.0533268	0.126396	0.0373117	0.0467143	0.0275102	0.00710986	0.0409912	0.0746812	0.0186282	0.0194341	0.124171	0.00625228	0.0113401	0.0283786	0.000171923	0.0544755	0.173448	
0.00234212	0.0050443	0.0346898	0.0199035	0.115217	0.0475242	0.106565	0.0284004	0.0284105	0.0283121	0.0606733	0.15541	0.0527481	0.0737171	0.132637	0.0155181	0.021088	0.017567	0.0193472	0.0348858	
0.0360426	0.0312412	0.0359998	0.00452826	0.00105627	0.065201	0.00850988	0.153759	0.209825	0.0575727	0.00414928	0.0541885	0.0103297	0.0516297	0.0766708	0.00778387	0.00476199	0.0358803	0.0320476	0.118822	
0.0328245	0.00406173	0.0275568	0.0922156	0.00319346	0.0231076	0.0566149	0.130294	0.110905	0.00176403	0.0497218	0.0264385	0.00301865	0.013341	0.0104878	0.14206	0.137756	0.0510701	0.0615762	0.0219926	
0.0470748	0.0644647	0.0405838	0.0114771	0.00914309	0.12369	0.0454312	0.0366641	0.00814056	0.133463	0.0949801	0.0560123	0.101836	0.0750448	0.0517335	0.0231802	0.0219104	0.00828306	0.0370294	0.00985789	
0.0502887	0.0300846	0.128735	0.182819	0.00812242	0.0134329	0.0222588	0.0507115	0.0807487	0.0120578	0.0121091	0.0311055	0.00206558	0.0951323	0.024573	0.0762486	0.045571	0.0453575	0.0557293	0.032848	
0.0621736	0.00397392	0.0974776	0.0757413	0.00729595	0.0995706	0.0330275	0.0121953	0.0187105	0.0234638	0.0436948	0.0966127	0.132972	0.0126402	0.00545939	0.160487	0.00241595	0.0260021	0.0556053	0.0304811	
0.00240154	0.0375707	0.0369387	0.0362788	0.0537272	0.0134674	0.105831	0.0129978	0.0366709	0.034776	0.0210469	0.00214203	0.091585	0.020959	0.0118956	0.0453235	0.012071	0.0421252	0.208436	0.173755	
0.153701	0.0128249	0.0263827	0.0227615	0.220759	0.0803606	0.00497305	0.0224687	0.0416198	0.0799089	0.0316177	0.0066085	0.0433475	0.127673	0.036015	0.0268207	0.0298958	0.0105054	0.000977912	0.0207794	
0.0760789	0.14469	0.0135778	0.0343832	0.0434866	0.0348156	0.0291812	0.00769071	0.0498558	0.000481149	0.0726235	0.0446093	0.0240001	0.0425623	0.0628192	0.049698	0.0194906	0.108547	0.0193244	0.122084	
0.0824883	0.0194946	0.0363185	0.0243554	3.48039e-05	0.079959	0.0572997	0.0968891	0.136894	0.152833	0.00316537	0.00656833	0.0605427	0.0164435	0.0624028	0.00798443	0.048765	0.0573386	0.00204255	0.0481801	
0.159773	0.031331	0.0991726	0.0575823	0.0488435	0.0250305	0.0683162	0.0141312	0.0184478	0.115271	0.0075958	0.0151247	0.0664748	0.000997034	0.0272143	0.0224503	0.0242204	0.136198	0.00376929	0.058056	
0.0601648	0.0416583	0.0488172	0.000560441	0.107763	0.130208	0.111346	0.0182621	0.143315	0.0324844	0.00319844	0.0774912	0.0134307	0.0145003	0.0284894	0.014365	0.0244314	0.047598	0.042289	0.0396271	
0.0668979	0.12592	0.00418183	0.00383668	0.00842358	0.0922935	0.05013	0.0355032	0.0885897	0.00932987	0.0514379	0.0157379	0.128901	0.0354969	0.118999	0.033407	0.0143727	0.0205186	0.0233751	0.0726473	
0.00101121	0.0367419	0.0306923	0.065007	0.0368657	0.0436512	0.156245	0.0218835	0.198025	0.0445616	0.0117725	0.0453127	0.0261848	0.0751257	0.0259137	0.0259394	0.0495042	0.00958712	0.0915743	0.00440164	
0.0617829	0.101143	0.204439	0.0106358	0.0208899	0.0132669	0.0990958	0.0214284	0.0113966	0.0323083	0.0196433	0.0887122	0.0360555	0.0358768	0.00307405	0.0407592	0.162616	0.0185866	0.0100797	0.00820981	
0.047917	0.0475921	0.0513885	0.0019804	0.031745	0.165545	0.0874392	0.105641	0.0742865	0.0235459	0.0706347	0.0339923	5.50867e-05	0.0367349	0.00332937	0.00683792	0.146175	0.000830976	0.0177788	0.0465503	
0.19648	0.0213247	0.0334768	0.109776	0.0236033	0.0101835	0.0827903	0.044316	0.0538438	0.0270617	0.0111831	0.0445604	0.0270556	0.0158355	0.0368748	0.0922084	0.00201973	0.0187005	0.0137205	0.134986	
